0.000000000000000000e+00 0.000000000000000000e+00
6.499999999999999702e-03 1.442429222183331512e+04
1.299999999999999940e-02 1.079302098401446347e+04
1.949999999999999997e-02 7.901850749327893936e+03
2.599999999999999881e-02 5.718721929164819812e+03
3.250000000000000111e-02 4.181983791038240270e+03
3.899999999999999994e-02 3.191922702149131055e+03
4.549999999999999878e-02 2.615176599759154215e+03
5.199999999999999761e-02 2.305070748149971678e+03
5.849999999999999645e-02 2.124842717578614611e+03
6.500000000000000222e-02 1.970797649123127030e+03
7.149999999999999412e-02 1.789973411688994702e+03
7.799999999999999989e-02 1.575842744562411781e+03
8.449999999999999178e-02 1.350635847141951217e+03
9.099999999999999756e-02 1.146677988831571838e+03
9.749999999999998945e-02 9.881762870871124278e+02
1.039999999999999952e-01 8.804973474270974521e+02
1.105000000000000010e-01 8.136421674382889933e+02
1.169999999999999929e-01 7.698624961160110161e+02
1.234999999999999987e-01 7.313683222196457336e+02
1.300000000000000044e-01 6.872600150400435268e+02
1.364999999999999825e-01 6.354099553562505207e+02
1.429999999999999882e-01 5.796371588313246548e+02
1.494999999999999940e-01 5.262741011705521714e+02
1.559999999999999998e-01 4.807588800686659738e+02
1.625000000000000056e-01 4.451343969108859255e+02
1.689999999999999836e-01 4.182199170218410131e+02
1.754999999999999893e-01 3.970020547031376168e+02
1.819999999999999951e-01 3.780846772708820822e+02
1.885000000000000009e-01 3.590726748741930692e+02
1.949999999999999789e-01 3.392167739112079516e+02
2.014999999999999847e-01 3.190064506057315725e+02
2.079999999999999905e-01 2.995383287192083799e+02
2.144999999999999962e-01 2.818830123912920840e+02
2.210000000000000020e-01 2.665492464627822073e+02
2.274999999999999800e-01 2.534040746997083602e+02
2.339999999999999858e-01 2.419133351407547821e+02
2.404999999999999916e-01 2.314108246247699299e+02
2.469999999999999973e-01 2.213628146755856676e+02
2.535000000000000031e-01 2.115360048668014485e+02
2.600000000000000089e-01 2.019538587014470181e+02
2.665000000000000147e-01 1.927811153709892267e+02
2.729999999999999649e-01 1.842061703483376505e+02
2.794999999999999707e-01 1.763325873684399880e+02
2.859999999999999765e-01 1.691413271496791992e+02
2.924999999999999822e-01 1.625288535360249682e+02
2.989999999999999880e-01 1.563568882404899796e+02
3.054999999999999938e-01 1.505019695866913594e+02
3.119999999999999996e-01 1.448937523414144266e+02
3.185000000000000053e-01 1.395147110417474607e+02
3.250000000000000111e-01 1.343794787579879824e+02
3.314999999999999614e-01 1.295129643016108218e+02
3.379999999999999671e-01 1.249291995493712051e+02
3.444999999999999729e-01 1.206201048673924419e+02
3.509999999999999787e-01 1.165605354510829414e+02
3.574999999999999845e-01 1.127173974153054417e+02
3.639999999999999902e-01 1.090588238514225026e+02
3.704999999999999960e-01 1.055621924790415278e+02
3.770000000000000018e-01 1.022157598136288641e+02
3.835000000000000075e-01 9.901512872752483929e+01
3.899999999999999578e-01 9.595915853973377807e+01
3.964999999999999636e-01 9.304592226755664797e+01
4.029999999999999694e-01 9.026991429722589544e+01
4.094999999999999751e-01 8.762243219508340530e+01
4.159999999999999809e-01 8.509320893776025230e+01
4.224999999999999867e-01 8.267209306327336549e+01
4.289999999999999925e-01 8.035062577928047745e+01
4.354999999999999982e-01 7.812266307706956070e+01
4.420000000000000040e-01 7.598381792394432921e+01
4.484999999999999543e-01 7.393068833626540481e+01
4.549999999999999600e-01 7.196008605994816776e+01
4.614999999999999658e-01 7.006840604028420216e+01
4.679999999999999716e-01 6.825155911529742525e+01
4.744999999999999774e-01 6.650524781678474540e+01
4.809999999999999831e-01 6.482526743052015661e+01
4.874999999999999889e-01 6.320779936478032823e+01
4.939999999999999947e-01 6.164957621083829764e+01
5.004999999999999449e-01 6.014780362409874215e+01
5.070000000000000062e-01 5.870001126787182955e+01
5.134999999999999565e-01 5.730390220018956171e+01
5.200000000000000178e-01 5.595721627066187409e+01
5.264999999999999680e-01 5.465768477684590465e+01
5.330000000000000293e-01 5.340307017326018979e+01
5.394999999999999796e-01 5.219121676292810719e+01
5.459999999999999298e-01 5.102010096449308918e+01
5.524999999999999911e-01 4.988786630019240675e+01
5.589999999999999414e-01 4.879281336645479428e+01
5.655000000000000027e-01 4.773336926275796799e+01
5.719999999999999529e-01 4.670805602804470880e+01
5.785000000000000142e-01 4.571546029390292176e+01
5.849999999999999645e-01 4.475421653336280770e+01
5.915000000000000258e-01 4.382300966297023592e+01
5.979999999999999760e-01 4.292058177559345467e+01
6.044999999999999263e-01 4.204573890476421383e+01
6.109999999999999876e-01 4.119735622133249109e+01
6.174999999999999378e-01 4.037437588520926113e+01
6.239999999999999991e-01 3.957579973733117384e+01
6.304999999999999494e-01 3.880068152984123486e+01
6.370000000000000107e-01 3.804811924775244592e+01
6.434999999999999609e-01 3.731724932938364958e+01
6.500000000000000222e-01 3.660724504796786505e+01
6.564999999999999725e-01 3.591731630558551558e+01
6.629999999999999227e-01 3.524670946916991454e+01
6.694999999999999840e-01 3.459470707880724660e+01
6.759999999999999343e-01 3.396062656703771410e+01
6.824999999999999956e-01 3.334381791698424990e+01
6.889999999999999458e-01 3.274366115757136697e+01
6.955000000000000071e-01 3.215956386389150623e+01
7.019999999999999574e-01 3.159095891956749114e+01
7.085000000000000187e-01 3.103730317726010313e+01
7.149999999999999689e-01 3.049807659306135221e+01
7.214999999999999192e-01 2.997278138931609703e+01
7.279999999999999805e-01 2.946094121169359425e+01
7.344999999999999307e-01 2.896210020813812847e+01
7.409999999999999920e-01 2.847582197958120176e+01
7.474999999999999423e-01 2.800168849859793951e+01
7.540000000000000036e-01 2.753929902784503625e+01
7.604999999999999538e-01 2.708826907774418657e+01
7.670000000000000151e-01 2.664822958043063750e+01
7.734999999999999654e-01 2.621882623874055440e+01
7.799999999999999156e-01 2.579971889408487229e+01
7.864999999999999769e-01 2.539058089485460812e+01
7.929999999999999272e-01 2.499109847782517591e+01
7.994999999999999885e-01 2.460097018255805068e+01
8.059999999999999387e-01 2.421990627880135705e+01
8.125000000000000000e-01 2.384762819440186377e+01
8.189999999999999503e-01 2.348386795005198735e+01
8.255000000000000115e-01 2.312836765738301636e+01
8.319999999999999618e-01 2.278087909532447242e+01
8.384999999999999121e-01 2.244116330066634646e+01
8.449999999999999734e-01 2.210899015890353425e+01
8.514999999999999236e-01 2.178413800456717908e+01
8.579999999999999849e-01 2.146639325950773269e+01
8.644999999999999352e-01 2.115555009429768418e+01
8.709999999999999964e-01 2.085141009133644729e+01
8.774999999999999467e-01 2.055378190924574966e+01
8.840000000000000080e-01 2.026248096877052873e+01
8.904999999999999583e-01 1.997732917943863029e+01
8.969999999999999085e-01 1.969815467811013221e+01
9.034999999999999698e-01 1.942479156782026095e+01
9.099999999999999201e-01 1.915707966028053022e+01
9.164999999999999813e-01 1.889486424220923055e+01
9.229999999999999316e-01 1.863799586387061424e+01
9.294999999999999929e-01 1.838633013048174547e+01
9.359999999999999432e-01 1.813972749382822158e+01
9.425000000000000044e-01 1.789805305051649498e+01
9.489999999999999547e-01 1.766117635978017830e+01
9.554999999999999050e-01 1.742897127020881243e+01
9.619999999999999662e-01 1.720131574690925902e+01
9.684999999999999165e-01 1.697809170017686498e+01
9.749999999999999778e-01 1.675918483103658119e+01
9.814999999999999281e-01 1.654448450079830124e+01
9.879999999999999893e-01 1.633388360573776410e+01
9.944999999999999396e-01 1.612727845182513775e+01
1.000999999999999890e+00 1.592456862820047192e+01
1.007500000000000062e+00 1.572565687477841578e+01
1.014000000000000012e+00 1.553044894572865964e+01
1.020499999999999963e+00 1.533885347258727272e+01
1.026999999999999913e+00 1.515078182865337197e+01
1.033499999999999863e+00 1.496614801997113631e+01
1.040000000000000036e+00 1.478486863457383649e+01
1.046499999999999986e+00 1.460686281150235999e+01
1.052999999999999936e+00 1.443205221038620500e+01
1.059499999999999886e+00 1.426036097094539024e+01
1.066000000000000059e+00 1.409171559443591626e+01
1.072500000000000009e+00 1.392604474134247994e+01
1.078999999999999959e+00 1.376327901621360539e+01
1.085499999999999909e+00 1.360335075416040418e+01
1.091999999999999860e+00 1.344619388265700977e+01
1.098500000000000032e+00 1.329174404148149868e+01
1.104999999999999982e+00 1.313993883885870773e+01
1.111499999999999932e+00 1.299071811576835067e+01
1.117999999999999883e+00 1.284402418502579657e+01
1.124500000000000055e+00 1.269980172768759807e+01
1.131000000000000005e+00 1.255799712694338943e+01
1.137499999999999956e+00 1.241855766139580552e+01
1.143999999999999906e+00 1.228143069778879237e+01
1.150499999999999856e+00 1.214656310410603623e+01
1.157000000000000028e+00 1.201390187703702850e+01
1.163499999999999979e+00 1.188339575231692713e+01
1.169999999999999929e+00 1.175499692111744032e+01
1.176499999999999879e+00 1.162866269795380880e+01
1.183000000000000052e+00 1.150435592340445545e+01
1.189500000000000002e+00 1.138204215520127249e+01
1.195999999999999952e+00 1.126168559413258308e+01
1.202499999999999902e+00 1.114324496223774119e+01
1.208999999999999853e+00 1.102666995135227346e+01
1.215500000000000025e+00 1.091190295762396545e+01
1.221999999999999975e+00 1.079888734699108532e+01
1.228499999999999925e+00 1.068757690582854813e+01
1.234999999999999876e+00 1.057794523081950544e+01
1.241500000000000048e+00 1.046999098876748846e+01
1.247999999999999998e+00 1.036372665422780237e+01
1.254499999999999948e+00 1.025915718206372951e+01
1.260999999999999899e+00 1.015625793906748164e+01
1.267499999999999849e+00 1.005495388336743545e+01
1.274000000000000021e+00 9.955119545684604887e+00
1.280499999999999972e+00 9.856618435871011386e+00
1.286999999999999922e+00 9.759353950117789722e+00
1.293499999999999872e+00 9.663320478742006614e+00
1.300000000000000044e+00 9.568642683120584636e+00
1.306499999999999995e+00 9.475537708041288809e+00
1.312999999999999945e+00 9.384205570893557891e+00
1.319499999999999895e+00 9.294710276604003951e+00
1.325999999999999845e+00 9.206863109019762348e+00
1.332500000000000018e+00 9.120179267049383753e+00
1.338999999999999968e+00 9.034050598585276148e+00
1.345499999999999918e+00 8.948016941336419450e+00
1.351999999999999869e+00 8.862042210848475321e+00
1.358500000000000041e+00 8.776761385179762343e+00
1.364999999999999991e+00 8.693402301290237943e+00
1.371499999999999941e+00 8.613244547928045947e+00
1.377999999999999892e+00 8.536979557112967854e+00
1.384499999999999842e+00 8.464072297372934983e+00
1.391000000000000014e+00 8.392351954408665549e+00
1.397499999999999964e+00 8.318675461729011289e+00
1.403999999999999915e+00 8.240344705091608546e+00
1.410499999999999865e+00 8.156591178326081604e+00
1.417000000000000037e+00 8.070002332543742440e+00
1.423499999999999988e+00 7.986741144869572651e+00
1.429999999999999938e+00 7.914121018728274670e+00
1.436499999999999888e+00 7.857283069335169401e+00
1.442999999999999838e+00 7.815847953293400430e+00
1.449500000000000011e+00 7.781049901516658984e+00
1.455999999999999961e+00 7.736605107664626502e+00
1.462499999999999911e+00 7.663586993327467844e+00
1.468999999999999861e+00 7.545916603630752562e+00
1.475500000000000034e+00 7.375856338745478524e+00
1.481999999999999984e+00 7.159503685398094674e+00
1.488499999999999934e+00 6.922284948380509562e+00
1.494999999999999885e+00 6.714448982060125637e+00
1.501499999999999835e+00 7.488221305344148426e+00
1.508000000000000007e+00 7.337906149286729907e+00
1.514499999999999957e+00 7.189622783589274313e+00
1.520999999999999908e+00 7.043369922541441674e+00
1.527499999999999858e+00 6.899145556185941608e+00
1.534000000000000030e+00 6.756946964707982062e+00
1.540499999999999980e+00 6.616770732824743817e+00
1.546999999999999931e+00 6.478612764174822125e+00
1.553499999999999881e+00 6.342468295707700321e+00
1.559999999999999831e+00 6.208331912073195902e+00
1.566500000000000004e+00 6.076197560010931475e+00
1.572999999999999954e+00 5.946058562739786169e+00
1.579499999999999904e+00 5.817907634347358581e+00
1.585999999999999854e+00 5.691736894179423523e+00
1.592500000000000027e+00 5.567537881229389640e+00
1.598999999999999977e+00 5.445301568527763258e+00
1.605499999999999927e+00 5.325018377531606006e+00
1.611999999999999877e+00 5.206678192513989778e+00
1.618499999999999828e+00 5.090270374953460575e+00
1.625000000000000000e+00 4.975783777923491691e+00
1.631499999999999950e+00 4.863206760481955548e+00
1.637999999999999901e+00 4.752527202060563560e+00
1.644499999999999851e+00 4.643732516854344183e+00
1.651000000000000023e+00 4.536809668211086333e+00
1.657499999999999973e+00 4.431745183020812107e+00
1.663999999999999924e+00 4.328525166105225530e+00
1.670499999999999874e+00 4.227135314607175509e+00
1.676999999999999824e+00 4.127560932380113456e+00
1.683499999999999996e+00 4.029786944377558022e+00
1.689999999999999947e+00 3.933797911042544282e+00
1.696499999999999897e+00 3.839578042697092020e+00
1.702999999999999847e+00 3.747111213931661577e+00
1.709500000000000020e+00 3.656380977994606152e+00
1.715999999999999970e+00 3.567370581181644518e+00
1.722499999999999920e+00 3.480062977225308440e+00
1.728999999999999870e+00 3.394440841684408294e+00
1.735499999999999821e+00 3.310486586333485803e+00
1.741999999999999993e+00 3.228182373552280104e+00
1.748499999999999943e+00 3.147510130715185817e+00
1.754999999999999893e+00 3.068451564580701785e+00
1.761499999999999844e+00 2.990988175680907357e+00
1.768000000000000016e+00 2.915101272710909353e+00
1.774499999999999966e+00 2.840771986918300573e+00
1.780999999999999917e+00 2.767981286492627646e+00
1.787499999999999867e+00 2.696709990954840208e+00
1.793999999999999817e+00 2.626938785546758748e+00
1.800499999999999989e+00 2.558648235620527789e+00
1.806999999999999940e+00 2.491818801028075736e+00
1.813499999999999890e+00 2.426430850510576498e+00
1.819999999999999840e+00 2.362464676087904891e+00
1.826500000000000012e+00 2.299900507448098708e+00
1.832999999999999963e+00 2.238718526336819892e+00
1.839499999999999913e+00 2.178898880946805505e+00
1.845999999999999863e+00 2.120421700307333790e+00
1.852499999999999813e+00 2.063267108673683126e+00
1.858999999999999986e+00 2.007415239916583882e+00
1.865499999999999936e+00 1.952846251911690922e+00
1.871999999999999886e+00 1.899540340929025906e+00
1.878499999999999837e+00 1.847477756022451345e+00
1.885000000000000009e+00 1.796638813419118463e+00
1.891499999999999959e+00 1.747003910777443769e+00
1.897999999999999909e+00 1.698553538582042499e+00
1.904499999999999860e+00 1.651268285048937301e+00
1.910999999999999810e+00 1.605128838750600195e+00
1.917499999999999982e+00 1.560115991168284477e+00
1.923999999999999932e+00 1.516210639244354841e+00
1.930499999999999883e+00 1.473393787934618171e+00
1.936999999999999833e+00 1.431646552760651003e+00
1.943500000000000005e+00 1.390950162362134312e+00
1.949999999999999956e+00 1.351285961049181195e+00
1.956499999999999906e+00 1.312635411354666992e+00
1.962999999999999856e+00 1.274980096586560530e+00
1.969499999999999806e+00 1.238301723380254238e+00
1.975999999999999979e+00 1.202582124250895168e+00
1.982499999999999929e+00 1.167803260145714228e+00
1.988999999999999879e+00 1.133947222996356752e+00
1.995499999999999829e+00 1.100996238271213512e+00
2.001999999999999780e+00 1.068932667527749292e+00
2.008499999999999730e+00 1.037739010964838338e+00
2.015000000000000124e+00 1.007397909975086936e+00
2.021500000000000075e+00 9.778921496971696437e-01
2.028000000000000025e+00 9.492046615681576371e-01
2.034499999999999975e+00 9.213185258758488372e-01
2.040999999999999925e+00 8.942169743110988112e-01
2.047499999999999876e+00 8.678833925201513422e-01
2.053999999999999826e+00 8.423013226569678880e-01
2.060499999999999776e+00 8.174544659355587051e-01
2.066999999999999726e+00 7.933266851823130850e-01
2.073500000000000121e+00 7.699020073883291460e-01
2.080000000000000071e+00 7.471646262617447354e-01
2.086500000000000021e+00 7.250989047800679987e-01
2.092999999999999972e+00 7.036893777425071717e-01
2.099499999999999922e+00 6.829207543223008159e-01
2.105999999999999872e+00 6.627779206190483885e-01
2.112499999999999822e+00 6.432459422110419212e-01
2.118999999999999773e+00 6.243100667075933696e-01
2.125499999999999723e+00 6.059557263013679584e-01
2.132000000000000117e+00 5.881685403207128626e-01
2.138500000000000068e+00 5.709343177819884430e-01
2.145000000000000018e+00 5.542390599418971497e-01
2.151499999999999968e+00 5.380689628498157573e-01
2.157999999999999918e+00 5.224104199001247117e-01
2.164499999999999869e+00 5.072500243845387002e-01
2.170999999999999819e+00 4.925745720444360543e-01
2.177499999999999769e+00 4.783710636231914837e-01
2.183999999999999719e+00 4.646267074185028156e-01
2.190500000000000114e+00 4.513289218347255050e-01
2.197000000000000064e+00 4.384653379351994840e-01
2.203500000000000014e+00 4.260238019945815080e-01
2.209999999999999964e+00 4.139923780511755025e-01
2.216499999999999915e+00 4.023593504592610226e-01
2.222999999999999865e+00 3.911132264414258763e-01
2.229499999999999815e+00 3.802427386408951948e-01
2.235999999999999766e+00 3.697368476738620013e-01
2.242499999999999716e+00 3.595847446818181137e-01
2.249000000000000110e+00 3.497758538838837694e-01
2.255500000000000060e+00 3.402998351291380286e-01
2.262000000000000011e+00 3.311465864489496758e-01
2.268499999999999961e+00 3.223062466093069012e-01
2.274999999999999911e+00 3.137691976338115585e-01
2.281499999999999861e+00 3.055260662265119609e-01
2.287999999999999812e+00 2.975677217197901236e-01
2.294499999999999762e+00 2.898852723263426467e-01
2.300999999999999712e+00 2.824700613004375582e-01
2.307500000000000107e+00 2.753136630991702138e-01
2.314000000000000057e+00 2.684078795437193077e-01
2.320500000000000007e+00 2.617447359806027163e-01
2.326999999999999957e+00 2.553164774429333983e-01
2.333499999999999908e+00 2.491155648116754329e-01
2.339999999999999858e+00 2.431346709768998637e-01
2.346499999999999808e+00 2.373666769990405989e-01
2.352999999999999758e+00 2.318046682701505878e-01
2.359499999999999709e+00 2.264419306751573602e-01
2.366000000000000103e+00 2.212719467531191753e-01
2.372500000000000053e+00 2.162883918584812548e-01
2.379000000000000004e+00 2.114851303223310997e-01
2.385499999999999954e+00 2.068562116136547224e-01
2.391999999999999904e+00 2.023958665005927138e-01
2.398499999999999854e+00 1.980985032116960587e-01
2.404999999999999805e+00 1.939587035971819251e-01
2.411499999999999755e+00 1.899712192901898133e-01
2.417999999999999705e+00 1.861309678680373725e-01
2.424500000000000099e+00 1.824330290134763277e-01
2.431000000000000050e+00 1.788726406759486021e-01
2.437500000000000000e+00 1.754451952328417996e-01
2.443999999999999950e+00 1.721462356507456604e-01
2.450499999999999901e+00 1.689714516467076821e-01
2.456999999999999851e+00 1.659166758494890204e-01
2.463499999999999801e+00 1.629778799608207485e-01
2.469999999999999751e+00 1.601511709166593689e-01
2.476499999999999702e+00 1.574327870484430458e-01
2.483000000000000096e+00 1.548190942443473106e-01
2.489500000000000046e+00 1.523065821105413220e-01
2.495999999999999996e+00 1.498918601324433775e-01
2.502499999999999947e+00 1.475716538359772012e-01
2.508999999999999897e+00 1.453428009488276218e-01
2.515499999999999847e+00 1.432022475616967216e-01
2.521999999999999797e+00 1.411470442895595423e-01
2.528499999999999748e+00 1.391743424329203171e-01
2.534999999999999698e+00 1.372813901390679270e-01
2.541500000000000092e+00 1.354655285633323547e-01
2.548000000000000043e+00 1.337241880303404462e-01
2.554499999999999993e+00 1.320548841952715602e-01
2.560999999999999943e+00 1.304552142051138286e-01
2.567499999999999893e+00 1.289228528599200008e-01
2.573999999999999844e+00 1.274555487740633153e-01
2.580499999999999794e+00 1.260511205374934551e-01
2.586999999999999744e+00 1.247074528769925028e-01
2.593499999999999694e+00 1.234224928174310204e-01
2.600000000000000089e+00 1.221942458430235190e-01
2.606500000000000039e+00 1.210207720585849966e-01
2.612999999999999989e+00 1.199001823507863801e-01
2.619499999999999940e+00 1.188306345494107158e-01
2.625999999999999890e+00 1.178103295886090002e-01
2.632499999999999840e+00 1.168375076681561209e-01
2.638999999999999790e+00 1.159104444147069507e-01
2.645499999999999741e+00 1.150274470430519280e-01
2.651999999999999691e+00 1.141868505173733450e-01
2.658500000000000085e+00 1.133870137188241894e-01
2.665000000000000036e+00 1.126263160752017795e-01
2.671499999999999986e+00 1.119031562520189788e-01
2.677999999999999936e+00 1.112159522297261616e-01
2.684499999999999886e+00 1.105631414978624355e-01
2.690999999999999837e+00 1.099431812492693838e-01
2.697499999999999787e+00 1.093545485743044055e-01
2.703999999999999737e+00 1.087957406550544986e-01
2.710499999999999687e+00 1.082652749595496150e-01
2.717000000000000082e+00 1.077616894359763045e-01
2.723500000000000032e+00 1.072835427068913605e-01
2.729999999999999982e+00 1.068294142634351740e-01
2.736499999999999932e+00 1.063979046595454475e-01
2.742999999999999883e+00 1.059876357061707020e-01
2.749499999999999833e+00 1.055972506654838522e-01
2.755999999999999783e+00 1.052254144450956858e-01
2.762499999999999734e+00 1.048708137922685357e-01
2.768999999999999684e+00 1.045321574881297177e-01
2.775500000000000078e+00 1.042081765418852030e-01
2.782000000000000028e+00 1.038976243850330827e-01
2.788499999999999979e+00 1.035992770655771722e-01
2.794999999999999929e+00 1.033119334422405861e-01
2.801499999999999879e+00 1.030344153786791478e-01
2.807999999999999829e+00 1.027655679376951875e-01
2.814499999999999780e+00 1.025042595754508956e-01
2.820999999999999730e+00 1.022493823356819542e-01
2.827499999999999680e+00 1.019998520439111267e-01
2.834000000000000075e+00 1.017546085016616947e-01
2.840500000000000025e+00 1.015126156806712004e-01
2.846999999999999975e+00 1.012728619171048561e-01
2.853499999999999925e+00 1.010343601057691332e-01
2.859999999999999876e+00 1.007961478943253109e-01
2.866499999999999826e+00 1.005572878775030654e-01
2.872999999999999776e+00 1.003168677913140183e-01
2.879499999999999726e+00 1.000740007072652565e-01
2.885999999999999677e+00 9.982782522657294988e-02
2.892500000000000071e+00 9.957750567437582967e-02
2.899000000000000021e+00 9.932223229394880615e-02
2.905499999999999972e+00 9.906122144091653037e-02
2.911999999999999922e+00 9.879371577746685895e-02
2.918499999999999872e+00 9.851898446656451314e-02
2.924999999999999822e+00 9.823632336616459904e-02
2.931499999999999773e+00 9.794505522342616954e-02
2.937999999999999723e+00 9.764452986892574460e-02
2.944499999999999673e+00 9.733412441087087308e-02
2.951000000000000068e+00 9.701324342931376410e-02
2.957500000000000018e+00 9.668131917036475176e-02
2.963999999999999968e+00 9.633781174040591255e-02
2.970499999999999918e+00 9.598220930030455789e-02
2.976999999999999869e+00 9.561402825962687924e-02
2.983499999999999819e+00 9.523281347085137127e-02
2.989999999999999769e+00 9.483813842358254642e-02
2.996499999999999719e+00 9.442960543876438573e-02
3.002999999999999670e+00 9.400684586289388689e-02
3.009500000000000064e+00 9.356952026223469554e-02
3.016000000000000014e+00 9.311731861703062552e-02
3.022499999999999964e+00 9.264996051571920688e-02
3.028999999999999915e+00 9.216719534914520617e-02
3.035499999999999865e+00 9.166880250477422998e-02
3.041999999999999815e+00 9.115459156054409040e-02
3.048499999999999766e+00 9.062440241432782873e-02
3.054999999999999716e+00 9.007810499942238425e-02
3.061499999999999666e+00 8.951559861837844745e-02
3.068000000000000060e+00 8.893681122821221752e-02
3.074500000000000011e+00 8.834169872546855651e-02
3.080999999999999961e+00 8.773024423128403249e-02
3.087499999999999911e+00 8.710245737645011532e-02
3.093999999999999861e+00 8.645837358647608106e-02
3.100499999999999812e+00 8.579805336665234650e-02
3.106999999999999762e+00 8.512158158711334577e-02
3.113499999999999712e+00 8.442906676790078169e-02
3.119999999999999662e+00 8.372064036402666887e-02
3.126500000000000057e+00 8.299645605053634911e-02
3.133000000000000007e+00 8.225668900757174273e-02
3.139499999999999957e+00 8.150153520543430841e-02
3.145999999999999908e+00 8.073121068964823899e-02
3.152499999999999858e+00 7.994595086602346301e-02
3.158999999999999808e+00 7.914600978571881273e-02
3.165499999999999758e+00 7.833165943030505340e-02
3.171999999999999709e+00 7.750318899682805129e-02
3.178499999999999659e+00 7.666090418287187236e-02
3.185000000000000053e+00 7.580512647162174211e-02
3.191500000000000004e+00 7.493619241692731081e-02
3.197999999999999954e+00 7.405445292836566884e-02
3.204499999999999904e+00 7.316027255630443149e-02
3.210999999999999854e+00 7.225402877696487924e-02
3.217499999999999805e+00 7.133611127748495928e-02
3.223999999999999755e+00 7.040692124098253679e-02
3.230499999999999705e+00 6.946687063161831321e-02
3.236999999999999655e+00 6.851638147965909142e-02
3.243500000000000050e+00 6.755588516654073561e-02
3.250000000000000000e+00 6.658582170993135319e-02
3.256499999999999950e+00 6.560663904879429631e-02
3.262999999999999901e+00 6.461879232845139931e-02
3.269499999999999851e+00 6.362274318564592468e-02
3.275999999999999801e+00 6.261895903360574500e-02
3.282499999999999751e+00 6.160791234710642078e-02
3.288999999999999702e+00 6.059007994753431298e-02
3.295499999999999652e+00 5.956594228794962614e-02
3.302000000000000046e+00 5.853598273814954178e-02
3.308499999999999996e+00 5.750068686973133086e-02
3.314999999999999947e+00 5.646054174115539004e-02
3.321499999999999897e+00 5.541603518280840968e-02
3.327999999999999847e+00 5.436765508206639619e-02
3.334499999999999797e+00 5.331588866835784007e-02
3.340999999999999748e+00 5.226122179822673131e-02
3.347499999999999698e+00 5.120413824039572043e-02
3.353999999999999648e+00 5.014511896082921028e-02
3.360500000000000043e+00 4.908464140779637830e-02
3.366999999999999993e+00 4.802317879693437930e-02
3.373499999999999943e+00 4.696119939631135387e-02
3.379999999999999893e+00 4.589916581148958258e-02
3.386499999999999844e+00 4.483753427058850133e-02
3.392999999999999794e+00 4.377675390934791799e-02
3.399499999999999744e+00 4.271726605619098616e-02
3.405999999999999694e+00 4.165950351728738010e-02
3.412499999999999645e+00 4.060388986161633795e-02
3.419000000000000039e+00 3.955083870602982277e-02
3.425499999999999989e+00 3.850075300036742698e-02
3.431999999999999940e+00 3.745402434738735048e-02
3.438499999999999890e+00 3.641103265462040245e-02
3.444999999999999840e+00 3.537214620533791348e-02
3.451499999999999790e+00 3.433772180752236308e-02
3.457999999999999741e+00 3.330810494353742685e-02
3.464499999999999691e+00 3.228362991979803753e-02
3.470999999999999641e+00 3.126462001644039757e-02
3.477500000000000036e+00 3.025138763699203315e-02
3.483999999999999986e+00 2.924423445804186922e-02
3.490499999999999936e+00 2.824345157891021418e-02
3.496999999999999886e+00 2.724931967131885222e-02
3.503499999999999837e+00 2.626210912906105921e-02
3.509999999999999787e+00 2.528208021767165345e-02
3.516499999999999737e+00 2.430948322409705320e-02
3.522999999999999687e+00 2.334455860636528921e-02
3.529499999999999638e+00 2.238753714325608310e-02
3.536000000000000032e+00 2.143864008397085297e-02
3.542499999999999982e+00 2.049807929780279522e-02
3.548999999999999932e+00 1.956605742380691099e-02
3.555499999999999883e+00 1.864276802047001511e-02
3.561999999999999833e+00 1.772839571538085621e-02
3.568499999999999783e+00 1.682311635490008755e-02
3.574999999999999734e+00 1.592709715383034200e-02
3.581499999999999684e+00 1.504049684508627915e-02
3.587999999999999634e+00 1.416346582936460312e-02
3.594500000000000028e+00 1.329614632481414087e-02
3.600999999999999979e+00 1.243867251670587384e-02
3.607499999999999929e+00 1.159117070710294524e-02
3.613999999999999879e+00 1.075375946453075576e-02
3.620499999999999829e+00 9.926549773646988276e-03
3.626999999999999780e+00 9.109645184911625490e-03
3.633499999999999730e+00 8.303141964257026650e-03
3.639999999999999680e+00 7.507129242757961708e-03
3.646499999999999631e+00 6.721689166301655048e-03
3.653000000000000025e+00 5.946897045257800579e-03
3.659499999999999975e+00 5.182821504148644488e-03
3.665999999999999925e+00 4.429524631319035899e-03
3.672499999999999876e+00 3.687062128606398599e-03
3.678999999999999826e+00 2.955483461010871907e-03
3.685499999999999776e+00 2.234832006365268086e-03
3.691999999999999726e+00 1.525145205005168326e-03
3.698499999999999677e+00 8.264547094389510656e-04
3.704999999999999627e+00 1.387865340178309412e-04
3.711500000000000021e+00 -5.378387953941000943e-04
3.717999999999999972e+00 -1.203406091749812355e-03
3.724499999999999922e+00 -1.857905357149332868e-03
3.730999999999999872e+00 -2.501331633169628140e-03
3.737499999999999822e+00 -3.133684851194668431e-03
3.743999999999999773e+00 -3.754969682745291221e-03
3.750499999999999723e+00 -4.365195389809201076e-03
3.756999999999999673e+00 -4.964375675170894925e-03
3.763499999999999623e+00 -5.552528532741691190e-03
3.770000000000000018e+00 -6.129676097889594569e-03
3.776499999999999968e+00 -6.695844497769316492e-03
3.782999999999999918e+00 -7.251063701652205387e-03
3.789499999999999869e+00 -7.795367371256202091e-03
3.795999999999999819e+00 -8.328792711075826485e-03
3.802499999999999769e+00 -8.851380318712074799e-03
3.808999999999999719e+00 -9.363174035202672524e-03
3.815499999999999670e+00 -9.864220797133312416e-03
3.821999999999999620e+00 -1.035457051489219009e-02
3.828500000000000014e+00 -1.083427599627182110e-02
3.834999999999999964e+00 -1.130339288210454804e-02
3.841499999999999915e+00 -1.176197958212989517e-02
3.847999999999999865e+00 -1.221009721086194211e-02
3.854499999999999815e+00 -1.264780952345668369e-02
3.860999999999999766e+00 -1.307518285157940018e-02
3.867499999999999716e+00 -1.349228603927201536e-02
3.873999999999999666e+00 -1.389919037882047029e-02
3.880499999999999616e+00 -1.429596954662207958e-02
3.887000000000000011e+00 -1.468269953905289478e-02
3.893499999999999961e+00 -1.505945860833508843e-02
3.899999999999999911e+00 -1.542632719840428789e-02
3.906499999999999861e+00 -1.578338788077696814e-02
3.912999999999999812e+00 -1.613072529041780639e-02
3.919499999999999762e+00 -1.646842606160704020e-02
3.925999999999999712e+00 -1.679657876380783593e-02
3.932499999999999662e+00 -1.711527383753366771e-02
3.938999999999999613e+00 -1.742460353021565989e-02
3.945500000000000007e+00 -1.772466183206995727e-02
3.951999999999999957e+00 -1.801554441196513007e-02
3.958499999999999908e+00 -1.829734855328945392e-02
3.964999999999999858e+00 -1.857017308981837034e-02
3.971499999999999808e+00 -1.883411834158177020e-02
3.977999999999999758e+00 -1.908928605073141604e-02
3.984499999999999709e+00 -1.933577931740828107e-02
3.990999999999999659e+00 -1.957370253560991938e-02
3.997499999999999609e+00 -1.980316132905782928e-02
4.003999999999999559e+00 -2.002426248706481310e-02
4.010499999999999510e+00 -2.023711390040235786e-02
4.016999999999999460e+00 -2.044182449716798813e-02
4.023499999999999410e+00 -2.063850417865262937e-02
4.030000000000000249e+00 -2.082726375520796425e-02
4.036500000000000199e+00 -2.100821488211385146e-02
4.043000000000000149e+00 -2.118146999544560233e-02
4.049500000000000099e+00 -2.134714224794141690e-02
4.056000000000000050e+00 -2.150534544486971608e-02
4.062500000000000000e+00 -2.165619397989651529e-02
4.068999999999999950e+00 -2.179980277095279473e-02
4.075499999999999901e+00 -2.193628719610186267e-02
4.081999999999999851e+00 -2.206576302940669795e-02
4.088499999999999801e+00 -2.218834637679734795e-02
4.094999999999999751e+00 -2.230415361193827106e-02
4.101499999999999702e+00 -2.241330131209570697e-02
4.107999999999999652e+00 -2.251590619400505727e-02
4.114499999999999602e+00 -2.261208504973822794e-02
4.120999999999999552e+00 -2.270195468257099614e-02
4.127499999999999503e+00 -2.278563184285039428e-02
4.133999999999999453e+00 -2.286323316386205604e-02
4.140499999999999403e+00 -2.293487509769758306e-02
4.147000000000000242e+00 -2.300067385112192220e-02
4.153500000000000192e+00 -2.306074532144073222e-02
4.160000000000000142e+00 -2.311520503236771940e-02
4.166500000000000092e+00 -2.316416806989202853e-02
4.173000000000000043e+00 -2.320774901814560975e-02
4.179499999999999993e+00 -2.324606189527056443e-02
4.185999999999999943e+00 -2.327922008928652586e-02
4.192499999999999893e+00 -2.330733629395803294e-02
4.198999999999999844e+00 -2.333052244509254899e-02
4.205499999999999794e+00 -2.334888966707463279e-02
4.211999999999999744e+00 -2.336254824395040536e-02
4.218499999999999694e+00 -2.337160759964706375e-02
4.224999999999999645e+00 -2.337617627851277732e-02
4.231499999999999595e+00 -2.337636192585660494e-02
4.237999999999999545e+00 -2.337227126848836697e-02
4.244499999999999496e+00 -2.336401009525854514e-02
4.250999999999999446e+00 -2.335168323759818573e-02
4.257499999999999396e+00 -2.333539455005878560e-02
4.264000000000000234e+00 -2.331524689085219537e-02
4.270500000000000185e+00 -2.329134210239051928e-02
4.277000000000000135e+00 -2.326378099182598025e-02
4.283500000000000085e+00 -2.323266331159085096e-02
4.290000000000000036e+00 -2.319808773993732934e-02
4.296499999999999986e+00 -2.316015186147744528e-02
4.302999999999999936e+00 -2.311895214772293969e-02
4.309499999999999886e+00 -2.307458393762517462e-02
4.315999999999999837e+00 -2.302714141811501580e-02
4.322499999999999787e+00 -2.297671760464274973e-02
4.328999999999999737e+00 -2.292340432171794534e-02
4.335499999999999687e+00 -2.286729218344937462e-02
4.341999999999999638e+00 -2.280847057408490544e-02
4.348499999999999588e+00 -2.274702762855138061e-02
4.354999999999999538e+00 -2.268305021299453494e-02
4.361499999999999488e+00 -2.261662390531887779e-02
4.367999999999999439e+00 -2.254783297572757542e-02
4.374499999999999389e+00 -2.247676036726237864e-02
4.381000000000000227e+00 -2.240348767634348440e-02
4.387500000000000178e+00 -2.232809513330946335e-02
4.394000000000000128e+00 -2.225066158295711805e-02
4.400500000000000078e+00 -2.217126446508141391e-02
4.407000000000000028e+00 -2.208997979501534786e-02
4.413499999999999979e+00 -2.200688214416984811e-02
4.419999999999999929e+00 -2.192204462057369130e-02
4.426499999999999879e+00 -2.183553884941337106e-02
4.432999999999999829e+00 -2.174743495357300133e-02
4.439499999999999780e+00 -2.165780153417420917e-02
4.445999999999999730e+00 -2.156670565111604848e-02
4.452499999999999680e+00 -2.147421280361487203e-02
4.458999999999999631e+00 -2.138038691074422432e-02
4.465499999999999581e+00 -2.128529029197476219e-02
4.471999999999999531e+00 -2.118898364771412690e-02
4.478499999999999481e+00 -2.109152603984685431e-02
4.484999999999999432e+00 -2.099297487227424694e-02
4.491499999999999382e+00 -2.089338587145430498e-02
4.498000000000000220e+00 -2.079281306694158449e-02
4.504500000000000171e+00 -2.069130877192711798e-02
4.511000000000000121e+00 -2.058892356377830732e-02
4.517500000000000071e+00 -2.048570626457878532e-02
4.524000000000000021e+00 -2.038170392166837458e-02
4.530499999999999972e+00 -2.027696178818291090e-02
4.536999999999999922e+00 -2.017152330359419862e-02
4.543499999999999872e+00 -2.006543007424986882e-02
4.549999999999999822e+00 -1.995872185391328255e-02
4.556499999999999773e+00 -1.985143652430343755e-02
4.562999999999999723e+00 -1.974361007563485079e-02
4.569499999999999673e+00 -1.963527658715745472e-02
4.575999999999999623e+00 -1.952646820769650404e-02
4.582499999999999574e+00 -1.941721513644167549e-02
4.588999999999999524e+00 -1.930754561410951212e-02
4.595499999999999474e+00 -1.919748594884126622e-02
4.601999999999999424e+00 -1.908706056002499804e-02
4.608499999999999375e+00 -1.897629202315874453e-02
4.615000000000000213e+00 -1.886520111471368805e-02
4.621500000000000163e+00 -1.875380685699732861e-02
4.628000000000000114e+00 -1.864212656301667340e-02
4.634500000000000064e+00 -1.853017588134140206e-02
4.641000000000000014e+00 -1.841796884096703890e-02
4.647499999999999964e+00 -1.830551789617815631e-02
4.653999999999999915e+00 -1.819283397141152614e-02
4.660499999999999865e+00 -1.807992650611930929e-02
4.666999999999999815e+00 -1.796680349963222442e-02
4.673499999999999766e+00 -1.785347155602273056e-02
4.679999999999999716e+00 -1.773993592896821320e-02
4.686499999999999666e+00 -1.762620056661414608e-02
4.692999999999999616e+00 -1.751226815643726342e-02
4.699499999999999567e+00 -1.739814017010877720e-02
4.705999999999999517e+00 -1.728381690835750079e-02
4.712499999999999467e+00 -1.716929754583305240e-02
4.718999999999999417e+00 -1.705458017596905157e-02
4.725499999999999368e+00 -1.693966185584624279e-02
4.732000000000000206e+00 -1.682453865105573362e-02
4.738500000000000156e+00 -1.670920568056213917e-02
4.745000000000000107e+00 -1.659365716156675774e-02
4.751500000000000057e+00 -1.647788645437075344e-02
4.758000000000000007e+00 -1.636188610723833883e-02
4.764499999999999957e+00 -1.624564790125994015e-02
4.770999999999999908e+00 -1.612916289521539384e-02
4.777499999999999858e+00 -1.601242147043710484e-02
4.783999999999999808e+00 -1.589541337567323964e-02
4.790499999999999758e+00 -1.577812777195087071e-02
4.796999999999999709e+00 -1.566055327743921116e-02
4.803499999999999659e+00 -1.554267801231273664e-02
4.809999999999999609e+00 -1.542448964361438704e-02
4.816499999999999559e+00 -1.530597543011874735e-02
4.822999999999999510e+00 -1.518712226719521816e-02
4.829499999999999460e+00 -1.506791673167118609e-02
4.835999999999999410e+00 -1.494834512669521859e-02
4.842499999999999361e+00 -1.482839352660022050e-02
4.849000000000000199e+00 -1.470804782176663057e-02
4.855500000000000149e+00 -1.458729376348558843e-02
4.862000000000000099e+00 -1.446611700882210680e-02
4.868500000000000050e+00 -1.434450316547826627e-02
4.875000000000000000e+00 -1.422243783665636842e-02
4.881499999999999950e+00 -1.409990666592213400e-02
4.887999999999999901e+00 -1.397689538206787346e-02
4.894499999999999851e+00 -1.385338984397565913e-02
4.900999999999999801e+00 -1.372937608548050609e-02
4.907499999999999751e+00 -1.360484036023355305e-02
4.913999999999999702e+00 -1.347976918656523110e-02
4.920499999999999652e+00 -1.335414939234845326e-02
4.926999999999999602e+00 -1.322796815986177280e-02
4.933499999999999552e+00 -1.310121307065258145e-02
4.939999999999999503e+00 -1.297387215040027818e-02
4.946499999999999453e+00 -1.284593391377943442e-02
4.952999999999999403e+00 -1.271738740932299404e-02
4.959499999999999353e+00 -1.258822226428543689e-02
4.966000000000000192e+00 -1.245842872946395161e-02
4.972500000000000142e+00 -1.232799772051191775e-02
4.979000000000000092e+00 -1.219692084261426133e-02
4.985500000000000043e+00 -1.206519040334628860e-02
4.991999999999999993e+00 -1.193279942445935049e-02
4.998499999999999943e+00 -1.179974165366564146e-02
5.004999999999999893e+00 -1.166601157642303301e-02
5.011499999999999844e+00 -1.153160442771989681e-02
5.017999999999999794e+00 -1.139651620385990181e-02
5.024499999999999744e+00 -1.126074367424685641e-02
5.030999999999999694e+00 -1.112428439316951768e-02
5.037499999999999645e+00 -1.098713671158640937e-02
5.043999999999999595e+00 -1.084929978891063795e-02
5.050499999999999545e+00 -1.071077360479472280e-02
5.056999999999999496e+00 -1.057155897091540710e-02
5.063499999999999446e+00 -1.043165754275847401e-02
5.069999999999999396e+00 -1.029107183140357158e-02
5.076499999999999346e+00 -1.014980521530903061e-02
5.083000000000000185e+00 -1.000786195209668432e-02
5.089500000000000135e+00 -9.865247190336679309e-03
5.096000000000000085e+00 -9.721966981332309105e-03
5.102500000000000036e+00 -9.578028290904816444e-03
5.108999999999999986e+00 -9.433439011178228542e-03
5.115499999999999936e+00 -9.288207972364159390e-03
5.121999999999999886e+00 -9.142344954546651956e-03
5.128499999999999837e+00 -8.995860699466959667e-03
5.134999999999999787e+00 -8.848766922308409430e-03
5.141499999999999737e+00 -8.701076323481195252e-03
5.147999999999999687e+00 -8.552802600407189218e-03
5.154499999999999638e+00 -8.403960459304787162e-03
5.160999999999999588e+00 -8.254565626973700554e-03
5.167499999999999538e+00 -8.104634862579802174e-03
5.173999999999999488e+00 -7.954185969439919734e-03
5.180499999999999439e+00 -7.803237806806668543e-03
5.186999999999999389e+00 -7.651810301653268545e-03
5.193499999999999339e+00 -7.499924460458362238e-03
5.200000000000000178e+00 -7.347602380990834320e-03
5.206500000000000128e+00 -7.194867264094632203e-03
5.213000000000000078e+00 -7.041743425473581328e-03
5.219500000000000028e+00 -6.888256307476203939e-03
5.225999999999999979e+00 -6.734432490880538739e-03
5.232499999999999929e+00 -6.580299706678966604e-03
5.238999999999999879e+00 -6.425886847863023291e-03
5.245499999999999829e+00 -6.271223981208212152e-03
5.251999999999999780e+00 -6.116342359058836789e-03
5.258499999999999730e+00 -5.961274431112810294e-03
5.264999999999999680e+00 -5.806053856206479236e-03
5.271499999999999631e+00 -5.650715514099437231e-03
5.277999999999999581e+00 -5.495295517259348936e-03
5.284499999999999531e+00 -5.339831222646767087e-03
5.290999999999999481e+00 -5.184361243499952150e-03
5.297499999999999432e+00 -5.028925461119687634e-03
5.303999999999999382e+00 -4.873565036654108409e-03
5.310499999999999332e+00 -4.718322422883504744e-03
5.317000000000000171e+00 -4.563241376005154962e-03
5.323500000000000121e+00 -4.408366967418141623e-03
5.330000000000000071e+00 -4.253745595508162496e-03
5.336500000000000021e+00 -4.099424997432358012e-03
5.342999999999999972e+00 -3.945454260904124842e-03
5.349499999999999922e+00 -3.791883835948735813e-03
5.355999999999999872e+00 -3.638765540391173618e-03
5.362499999999999822e+00 -3.486152522312028438e-03
5.368999999999999773e+00 -3.334099180621456250e-03
5.375499999999999723e+00 -3.182661079925577265e-03
5.381999999999999673e+00 -3.031894865371148693e-03
5.388499999999999623e+00 -2.881858177490240116e-03
5.394999999999999574e+00 -2.732609567044906249e-03
5.401499999999999524e+00 -2.584208409871861876e-03
5.407999999999999474e+00 -2.436714821727151582e-03
5.414499999999999424e+00 -2.290189573130828153e-03
5.420999999999999375e+00 -2.144694004211624479e-03
5.427499999999999325e+00 -2.000289939551624149e-03
5.434000000000000163e+00 -1.857039603030939852e-03
5.440500000000000114e+00 -1.715005532672385282e-03
5.447000000000000064e+00 -1.574250495486147683e-03
5.453500000000000014e+00 -1.434837402314461047e-03
5.459999999999999964e+00 -1.296829222676282789e-03
5.466499999999999915e+00 -1.160288899611965205e-03
5.472999999999999865e+00 -1.025279264527928242e-03
5.479499999999999815e+00 -8.918629520413353003e-04
5.485999999999999766e+00 -7.601023148247648036e-04
5.492499999999999716e+00 -6.300593384508858946e-04
5.498999999999999666e+00 -5.017955562371313087e-04
5.505499999999999616e+00 -3.753719640903694895e-04
5.511999999999999567e+00 -2.508489353515806612e-04
5.518499999999999517e+00 -1.282861356405279145e-04
5.524999999999999467e+00 -7.742437700433822898e-06
5.531499999999999417e+00 1.107241637573484939e-04
5.537999999999999368e+00 2.270566372086608390e-04
5.544499999999999318e+00 3.411989994718658608e-04
5.551000000000000156e+00 4.530964008631755530e-04
5.557500000000000107e+00 5.626952103519717273e-04
5.564000000000000057e+00 6.699431007161409319e-04
5.570500000000000007e+00 7.747891336973938793e-04
5.576999999999999957e+00 8.771838451565959873e-04
5.583499999999999908e+00 9.770793302290913061e-04
5.589999999999999858e+00 1.074429328480029210e-03
5.596499999999999808e+00 1.169189309059690983e-03
5.602999999999999758e+00 1.261316555858820083e-03
5.609499999999999709e+00 1.350770252663938218e-03
5.615999999999999659e+00 1.437511568312684713e-03
5.622499999999999609e+00 1.521503741849133777e-03
5.628999999999999559e+00 1.602712167679123468e-03
5.635499999999999510e+00 1.681104480725583361e-03
5.641999999999999460e+00 1.756650641583857664e-03
5.648499999999999410e+00 1.829323021677037439e-03
5.654999999999999361e+00 1.899096488411279810e-03
5.661499999999999311e+00 1.965948490331138020e-03
5.668000000000000149e+00 2.029859142274890831e-03
5.674500000000000099e+00 2.090811310529860651e-03
5.681000000000000050e+00 2.148790697987748577e-03
5.687500000000000000e+00 2.203785929299957504e-03
5.693999999999999950e+00 2.255788636032913727e-03
5.700499999999999901e+00 2.304793541823402410e-03
5.706999999999999851e+00 2.350798547533885282e-03
5.713499999999999801e+00 2.393804816407835243e-03
5.719999999999999751e+00 2.433816859225053190e-03
5.726499999999999702e+00 2.470842619457004358e-03
5.732999999999999652e+00 2.504893558414484581e-03
5.739499999999999602e+00 2.535984733413106096e-03
5.745999999999999552e+00 2.564134804443204355e-03
5.752499999999999503e+00 2.589365945514266864e-03
5.758999999999999453e+00 2.611703737110501050e-03
5.765499999999999403e+00 2.631177058449910879e-03
5.771999999999999353e+00 2.647817979743375197e-03
5.778499999999999304e+00 2.661661654453729986e-03
5.785000000000000142e+00 2.672746211554842804e-03
5.791500000000000092e+00 2.681112647790696770e-03
5.798000000000000043e+00 2.686804719934466745e-03
5.804499999999999993e+00 2.689868837047596807e-03
5.810999999999999943e+00 2.690353952738884676e-03
5.817499999999999893e+00 2.688311457423556150e-03
5.823999999999999844e+00 2.683795070582345194e-03
5.830499999999999794e+00 2.676860733020573584e-03
5.836999999999999744e+00 2.667566499127230553e-03
5.843499999999999694e+00 2.655972429134050711e-03
5.849999999999999645e+00 2.642140481374593251e-03
5.856499999999999595e+00 2.626134404543322906e-03
5.862999999999999545e+00 2.608019629954684820e-03
5.869499999999999496e+00 2.587863163802188102e-03
5.875999999999999446e+00 2.565733479417483306e-03
5.882499999999999396e+00 2.541700409529439476e-03
5.888999999999999346e+00 2.515835038523227263e-03
5.895499999999999297e+00 2.488209594699394237e-03
5.902000000000000135e+00 2.458897342532945837e-03
5.908500000000000085e+00 2.427972474932424147e-03
5.915000000000000036e+00 2.395510005498987117e-03
5.921499999999999986e+00 2.361585660785487338e-03
5.927999999999999936e+00 2.326275772555549525e-03
5.934499999999999886e+00 2.289657170042654934e-03
5.940999999999999837e+00 2.251807072209213636e-03
5.947499999999999787e+00 2.212802980005647638e-03
5.953999999999999737e+00 2.172722568629470094e-03
5.960499999999999687e+00 2.131643579784361052e-03
5.966999999999999638e+00 2.089643713939251437e-03
5.973499999999999588e+00 2.046800522587397496e-03
5.979999999999999538e+00 2.003191300505463047e-03
5.986499999999999488e+00 1.958892978012596094e-03
5.992999999999999439e+00 1.913982013229511940e-03
5.999499999999999389e+00 1.868534284337566333e-03
6.005999999999999339e+00 1.822624981837839015e-03
6.012499999999999289e+00 1.776328500810212289e-03
6.019000000000000128e+00 1.729718333172447844e-03
6.025500000000000078e+00 1.682866959939269009e-03
6.032000000000000028e+00 1.635845743481436493e-03
6.038499999999999979e+00 1.588724819784830206e-03
6.044999999999999929e+00 1.541572990709526737e-03
6.051499999999999879e+00 1.494457616248878783e-03
6.057999999999999829e+00 1.447444506788594801e-03
6.064499999999999780e+00 1.400597815365817352e-03
6.070999999999999730e+00 1.353979929928202314e-03
6.077499999999999680e+00 1.307651365592998535e-03
6.083999999999999631e+00 1.261670656906126609e-03
6.090499999999999581e+00 1.216094250101256141e-03
6.096999999999999531e+00 1.170976395358889295e-03
6.103499999999999481e+00 1.126369039065435460e-03
6.109999999999999432e+00 1.082321716072290677e-03
6.116499999999999382e+00 1.038881441955109841e-03
6.122999999999999332e+00 9.960926080722217694e-04
6.129499999999999282e+00 9.539969210883615398e-04
6.136000000000000121e+00 9.126334240130357708e-04
6.142500000000000071e+00 8.720385401915104482e-04
6.149000000000000021e+00 8.322461177906994223e-04
6.155499999999999972e+00 7.932874742850508452e-04
6.161999999999999922e+00 7.551914409424349090e-04
6.168499999999999872e+00 7.179844073100315844e-04
6.174999999999999822e+00 6.816903657002169490e-04
6.181499999999999773e+00 6.463309556764523355e-04
6.187999999999999723e+00 6.119255085391697930e-04
6.194499999999999673e+00 5.784910918116609093e-04
6.200999999999999623e+00 5.460425537259632487e-04
6.207499999999999574e+00 5.145925677087481980e-04
6.213999999999999524e+00 4.841516768672083802e-04
6.220499999999999474e+00 4.547283384749450669e-04
6.226999999999999424e+00 4.263289684578550499e-04
6.233499999999999375e+00 3.989579858800184329e-04
6.239999999999999325e+00 3.726178574295863706e-04
6.246499999999999275e+00 3.473091419046676139e-04
6.253000000000000114e+00 3.230305346992164649e-04
6.259500000000000064e+00 2.997789122889201905e-04
6.266000000000000014e+00 2.775493767170860555e-04
6.272499999999999964e+00 2.563353000805289523e-04
6.278999999999999915e+00 2.361283690154586520e-04
6.285499999999999865e+00 2.169186291833675149e-04
6.291999999999999815e+00 1.986945297569173076e-04
6.298499999999999766e+00 1.814429679058267785e-04
6.304999999999999716e+00 1.651493332827598027e-04
6.311499999999999666e+00 1.497975525092115211e-04
6.317999999999999616e+00 1.353701336613963497e-04
6.324499999999999567e+00 1.218482107561357045e-04
6.330999999999999517e+00 1.092115882367445875e-04
6.337499999999999467e+00 9.743878545891992179e-05
6.343999999999999417e+00 8.650708117662655452e-05
6.350499999999999368e+00 7.639255802798667618e-05
6.356999999999999318e+00 6.707014702116476687e-05
6.363499999999999268e+00 5.851367202025702189e-05
6.370000000000000107e+00 5.069589423117780934e-05
6.376500000000000057e+00 4.358855668754688665e-05
6.383000000000000007e+00 3.716242873657775545e-05
6.389499999999999957e+00 3.138735052496356356e-05
6.395999999999999908e+00 2.623227748476561575e-05
6.402499999999999858e+00 2.166532481930078335e-05
6.408999999999999808e+00 1.765381198902804657e-05
6.415499999999999758e+00 1.416430719743654788e-05
6.421999999999999709e+00 1.116267187693280850e-05
6.428499999999999659e+00 8.614105174728129596e-06
6.434999999999999609e+00 6.483188438726002758e-06
6.441499999999999559e+00 4.733929703408880982e-06
6.447999999999999510e+00 3.329808175727104497e-06
6.454499999999999460e+00 2.233818720984795064e-06
6.460999999999999410e+00 1.408516348727489020e-06
6.467499999999999361e+00 8.160606986295482984e-07
6.473999999999999311e+00 4.182605263830923987e-07
6.480499999999999261e+00 1.766181895825913764e-07
6.487000000000000099e+00 5.237413361423129096e-08
6.493500000000000050e+00 6.551377543326890620e-09
6.500000000000000000e+00 0.000000000000000000e+00
