0.000000000000000000e+00 3.072321645544536239e-01
1.000000000000000021e-03 2.822485068708902034e-01
2.000000000000000042e-03 2.574319888126044287e-01
3.000000000000000062e-03 2.327825896837901753e-01
4.000000000000000083e-03 2.083002751175651590e-01
5.000000000000000104e-03 1.839849971840802900e-01
6.000000000000000125e-03 1.598366944986293059e-01
7.000000000000000146e-03 1.358552923297580983e-01
8.000000000000000167e-03 1.120407027073745398e-01
9.000000000000001055e-03 8.839282453085769986e-02
1.000000000000000021e-02 6.491154367716756024e-02
1.099999999999999936e-02 4.159673310895450893e-02
1.200000000000000025e-02 1.844825298266861147e-02
1.300000000000000114e-02 -4.534049243330340317e-03
1.400000000000000029e-02 -2.735033870066383432e-02
1.499999999999999944e-02 -5.000079300282495032e-02
1.600000000000000033e-02 -7.248560213706867206e-02
1.700000000000000122e-02 -9.480496835630258801e-02
1.800000000000000211e-02 -1.169591060709772590e-01
1.899999999999999953e-02 -1.389482417409767523e-01
2.000000000000000042e-02 -1.607726137675090095e-01
2.100000000000000130e-02 -1.824324723849964913e-01
2.199999999999999872e-02 -2.039280795529666013e-01
2.299999999999999961e-02 -2.252597088479421639e-01
2.400000000000000050e-02 -2.464276453553317370e-01
2.500000000000000139e-02 -2.674321855613203680e-01
2.600000000000000228e-02 -2.882736372447597950e-01
2.699999999999999969e-02 -3.089523193690594804e-01
2.800000000000000058e-02 -3.294685619740763127e-01
2.900000000000000147e-02 -3.498227060680055289e-01
2.999999999999999889e-02 -3.700151035192710824e-01
3.099999999999999978e-02 -3.900461169484165658e-01
3.200000000000000067e-02 -4.099161196199946899e-01
3.300000000000000155e-02 -4.296254953344588734e-01
3.400000000000000244e-02 -4.491746383200531656e-01
3.500000000000000333e-02 -4.685639531247023926e-01
3.600000000000000422e-02 -4.877938545079036348e-01
3.699999999999999817e-02 -5.068647673326154290e-01
3.799999999999999906e-02 -5.257771264571495795e-01
3.899999999999999994e-02 -5.445313766270607481e-01
4.000000000000000083e-02 -5.631279723670366000e-01
4.100000000000000172e-02 -5.815673778727901144e-01
4.200000000000000261e-02 -5.998500669029476207e-01
4.300000000000000350e-02 -6.179765226709408310e-01
4.399999999999999745e-02 -6.359472377368973195e-01
4.499999999999999833e-02 -6.537627138995303344e-01
4.599999999999999922e-02 -6.714234620880292770e-01
4.700000000000000011e-02 -6.889300022539512902e-01
4.800000000000000100e-02 -7.062828632631104053e-01
4.900000000000000189e-02 -7.234825827874684645e-01
5.000000000000000278e-02 -7.405297071970258216e-01
5.100000000000000366e-02 -7.574247914517115987e-01
5.200000000000000455e-02 -7.741683989932750531e-01
5.299999999999999850e-02 -7.907611016371738355e-01
5.399999999999999939e-02 -8.072034794644673550e-01
5.500000000000000028e-02 -8.234961207137043715e-01
5.600000000000000117e-02 -8.396396216728165829e-01
5.700000000000000205e-02 -8.556345865710059950e-01
5.800000000000000294e-02 -8.714816274706371768e-01
5.900000000000000383e-02 -8.871813641591284050e-01
5.999999999999999778e-02 -9.027344240408394782e-01
6.099999999999999867e-02 -9.181414420289650824e-01
6.199999999999999956e-02 -9.334030604374241591e-01
6.300000000000000044e-02 -9.485199288727492739e-01
6.400000000000000133e-02 -9.634927041259786495e-01
6.500000000000000222e-02 -9.783220500645468665e-01
6.600000000000000311e-02 -9.930086375241731211e-01
6.700000000000000400e-02 -1.007553144200754369e+00
6.800000000000000488e-02 -1.021956254542253806e+00
6.900000000000000577e-02 -1.036218659640592676e+00
7.000000000000000666e-02 -1.050341057123539867e+00
7.100000000000000755e-02 -1.064324151046603051e+00
7.200000000000000844e-02 -1.078168651784918497e+00
7.299999999999999545e-02 -1.091875275925142885e+00
7.399999999999999634e-02 -1.105444746157341118e+00
7.499999999999999722e-02 -1.118877791166879687e+00
7.599999999999999811e-02 -1.132175145526316040e+00
7.699999999999999900e-02 -1.145337549587288617e+00
7.799999999999999989e-02 -1.158365749372407771e+00
7.900000000000000078e-02 -1.171260496467146028e+00
8.000000000000000167e-02 -1.184022547911729006e+00
8.100000000000000255e-02 -1.196652666093025674e+00
8.200000000000000344e-02 -1.209151618636438386e+00
8.300000000000000433e-02 -1.221520178297793802e+00
8.400000000000000522e-02 -1.233759122855233814e+00
8.500000000000000611e-02 -1.245869235001104691e+00
8.600000000000000699e-02 -1.257851302233849111e+00
8.700000000000000788e-02 -1.269706116749896196e+00
8.799999999999999489e-02 -1.281434475335550216e+00
8.899999999999999578e-02 -1.293037179258884617e+00
8.999999999999999667e-02 -1.304515034161628728e+00
9.099999999999999756e-02 -1.315868849951060904e+00
9.199999999999999845e-02 -1.327099440691897669e+00
9.299999999999999933e-02 -1.338207624498185089e+00
9.400000000000000022e-02 -1.349194223425188133e+00
9.500000000000000111e-02 -1.360060063361282490e+00
9.600000000000000200e-02 -1.370805973919843934e+00
9.700000000000000289e-02 -1.381432788331138584e+00
9.800000000000000377e-02 -1.391941343334215375e+00
9.900000000000000466e-02 -1.402332479068794768e+00
1.000000000000000056e-01 -1.412607038967158557e+00
1.010000000000000064e-01 -1.422765869646043013e+00
1.020000000000000073e-01 -1.432809820798526479e+00
1.030000000000000082e-01 -1.442739745085922065e+00
1.040000000000000091e-01 -1.452556498029667020e+00
1.049999999999999961e-01 -1.462260937903212987e+00
1.059999999999999970e-01 -1.471853925623917148e+00
1.069999999999999979e-01 -1.481336324644932922e+00
1.079999999999999988e-01 -1.490709000847099341e+00
1.089999999999999997e-01 -1.499972822430833075e+00
1.100000000000000006e-01 -1.509128659808017137e+00
1.110000000000000014e-01 -1.518177385493892029e+00
1.120000000000000023e-01 -1.527119873998947330e+00
1.130000000000000032e-01 -1.535957001720811510e+00
1.140000000000000041e-01 -1.544689646836140628e+00
1.150000000000000050e-01 -1.553318689192511926e+00
1.160000000000000059e-01 -1.561845010200312300e+00
1.170000000000000068e-01 -1.570269492724629012e+00
1.180000000000000077e-01 -1.578593020977140160e+00
1.190000000000000085e-01 -1.586816480408006713e+00
1.199999999999999956e-01 -1.594940757597759662e+00
1.209999999999999964e-01 -1.602966740149194047e+00
1.219999999999999973e-01 -1.610895316579258107e+00
1.229999999999999982e-01 -1.618727376210941982e+00
1.239999999999999991e-01 -1.626463809065170851e+00
1.250000000000000000e-01 -1.634105505752694532e+00
1.260000000000000009e-01 -1.641653357365977506e+00
1.270000000000000018e-01 -1.649108255371089404e+00
1.280000000000000027e-01 -1.656471091499596149e+00
1.290000000000000036e-01 -1.663742757640449543e+00
1.300000000000000044e-01 -1.670924145731878863e+00
1.310000000000000053e-01 -1.678016147653279333e+00
1.320000000000000062e-01 -1.685019655117106607e+00
1.330000000000000071e-01 -1.691935559560761693e+00
1.340000000000000080e-01 -1.698764752038486314e+00
1.350000000000000089e-01 -1.705508123113251173e+00
1.360000000000000098e-01 -1.712166562748645759e+00
1.370000000000000107e-01 -1.718740960200770385e+00
1.380000000000000115e-01 -1.725232203910126216e+00
1.390000000000000124e-01 -1.731641181393505313e+00
1.400000000000000133e-01 -1.737968779135881991e+00
1.410000000000000142e-01 -1.744215882482302415e+00
1.420000000000000151e-01 -1.750383375529774188e+00
1.430000000000000160e-01 -1.756472141019159938e+00
1.440000000000000169e-01 -1.762483060227064247e+00
1.449999999999999900e-01 -1.768417012857726789e+00
1.459999999999999909e-01 -1.774274876934911482e+00
1.469999999999999918e-01 -1.780057528693797408e+00
1.479999999999999927e-01 -1.785765842472868403e+00
1.489999999999999936e-01 -1.791400690605805313e+00
1.499999999999999944e-01 -1.796962943313374694e+00
1.509999999999999953e-01 -1.802453468595320629e+00
1.519999999999999962e-01 -1.807873132122254312e+00
1.529999999999999971e-01 -1.813222797127544084e+00
1.539999999999999980e-01 -1.818503324299208579e+00
1.549999999999999989e-01 -1.823715571671804092e+00
1.559999999999999998e-01 -1.828860394518315502e+00
1.570000000000000007e-01 -1.833938645242048526e+00
1.580000000000000016e-01 -1.838951173268519756e+00
1.590000000000000024e-01 -1.843898824937345804e+00
1.600000000000000033e-01 -1.848782443394133779e+00
1.610000000000000042e-01 -1.853602868482373989e+00
1.620000000000000051e-01 -1.858360936635327754e+00
1.630000000000000060e-01 -1.863057480767920993e+00
1.640000000000000069e-01 -1.867693330168629817e+00
1.650000000000000078e-01 -1.872269310391377228e+00
1.660000000000000087e-01 -1.876786243147417821e+00
1.670000000000000095e-01 -1.881244946197232260e+00
1.680000000000000104e-01 -1.885646233242415981e+00
1.690000000000000113e-01 -1.889990913817570561e+00
1.700000000000000122e-01 -1.894279793182191973e+00
1.710000000000000131e-01 -1.898513672212565062e+00
1.720000000000000140e-01 -1.902693347293649584e+00
1.730000000000000149e-01 -1.906819610210973792e+00
1.740000000000000158e-01 -1.910893248042524473e+00
1.750000000000000167e-01 -1.914915043050635646e+00
1.759999999999999898e-01 -1.918885772573882154e+00
1.769999999999999907e-01 -1.922806208918966142e+00
1.779999999999999916e-01 -1.926677119252610204e+00
1.789999999999999925e-01 -1.930499265493448746e+00
1.799999999999999933e-01 -1.934273404203916247e+00
1.809999999999999942e-01 -1.938000286482137291e+00
1.819999999999999951e-01 -1.941680657853820602e+00
1.829999999999999960e-01 -1.945315258164144634e+00
1.839999999999999969e-01 -1.948904821469653825e+00
1.849999999999999978e-01 -1.952450075930142859e+00
1.859999999999999987e-01 -1.955951743700552470e+00
1.869999999999999996e-01 -1.959410540822855484e+00
1.880000000000000004e-01 -1.962827177117951294e+00
1.890000000000000013e-01 -1.966202356077554114e+00
1.900000000000000022e-01 -1.969536774756083464e+00
1.910000000000000031e-01 -1.972831123662554642e+00
1.920000000000000040e-01 -1.976086086652470986e+00
1.930000000000000049e-01 -1.979302340819711681e+00
1.940000000000000058e-01 -1.982480556388423576e+00
1.950000000000000067e-01 -1.985621396604912103e+00
1.960000000000000075e-01 -1.988725517629532202e+00
1.970000000000000084e-01 -1.991793568428575689e+00
1.980000000000000093e-01 -1.994826190666165733e+00
1.990000000000000102e-01 -1.997824018596144668e+00
2.000000000000000111e-01 -2.000787678953965809e+00
2.010000000000000120e-01 -2.003717790849847802e+00
2.020000000000000129e-01 -2.006614965694829777e+00
2.030000000000000138e-01 -2.009479807210332591e+00
2.040000000000000147e-01 -2.012312911470616861e+00
2.050000000000000155e-01 -2.015114866946509764e+00
2.060000000000000164e-01 -2.017886254549129621e+00
2.070000000000000173e-01 -2.020627647673609584e+00
2.080000000000000182e-01 -2.023339612242822660e+00
2.089999999999999913e-01 -2.026022706751107183e+00
2.099999999999999922e-01 -2.028677482307991387e+00
2.109999999999999931e-01 -2.031304482681917545e+00
2.119999999999999940e-01 -2.033904244343967882e+00
2.129999999999999949e-01 -2.036477296511588708e+00
2.139999999999999958e-01 -2.039024161192314111e+00
2.149999999999999967e-01 -2.041545353227493642e+00
2.159999999999999976e-01 -2.044041380336013347e+00
2.169999999999999984e-01 -2.046512743158023895e+00
2.179999999999999993e-01 -2.048959935298663382e+00
2.190000000000000002e-01 -2.051383443371783244e+00
2.200000000000000011e-01 -2.053783747043671948e+00
2.210000000000000020e-01 -2.056161319076780902e+00
2.220000000000000029e-01 -2.058516625373448150e+00
2.230000000000000038e-01 -2.060850125019623391e+00
2.240000000000000047e-01 -2.063162270328593895e+00
2.250000000000000056e-01 -2.065453506884708634e+00
2.260000000000000064e-01 -2.067724273587101536e+00
2.270000000000000073e-01 -2.069975002693418720e+00
2.280000000000000082e-01 -2.072206119863542195e+00
2.290000000000000091e-01 -2.074418044203313993e+00
2.300000000000000100e-01 -2.076611188308262079e+00
2.310000000000000109e-01 -2.078785958307324933e+00
2.320000000000000118e-01 -2.080942753906574794e+00
2.330000000000000127e-01 -2.083081968432944908e+00
2.340000000000000135e-01 -2.085203988877952774e+00
2.350000000000000144e-01 -2.087309195941425166e+00
2.360000000000000153e-01 -2.089397964075223157e+00
2.370000000000000162e-01 -2.091470661526966701e+00
2.380000000000000171e-01 -2.093527650383759209e+00
2.390000000000000180e-01 -2.095569286615913462e+00
2.399999999999999911e-01 -2.097595920120673973e+00
2.409999999999999920e-01 -2.099607894765945115e+00
2.419999999999999929e-01 -2.101605548434013038e+00
2.429999999999999938e-01 -2.103589213065271579e+00
2.439999999999999947e-01 -2.105559214701947290e+00
2.449999999999999956e-01 -2.107515873531824457e+00
2.459999999999999964e-01 -2.109459503931967905e+00
2.469999999999999973e-01 -2.111390414512451130e+00
2.479999999999999982e-01 -2.113308908160077326e+00
2.489999999999999991e-01 -2.115215282082107517e+00
2.500000000000000000e-01 -2.117109827849982917e+00
2.510000000000000009e-01 -2.118992831443051728e+00
2.520000000000000018e-01 -2.120864573292291499e+00
2.530000000000000027e-01 -2.122725328324035932e+00
2.540000000000000036e-01 -2.124575366003699894e+00
2.550000000000000044e-01 -2.126414950379501789e+00
2.560000000000000053e-01 -2.128244340126191236e+00
2.570000000000000062e-01 -2.130063788588770990e+00
2.580000000000000071e-01 -2.131873543826224626e+00
2.590000000000000080e-01 -2.133673848655239347e+00
2.600000000000000089e-01 -2.135464940693931446e+00
2.610000000000000098e-01 -2.137247052405570447e+00
2.620000000000000107e-01 -2.139020411142305900e+00
2.630000000000000115e-01 -2.140785239188889300e+00
2.640000000000000124e-01 -2.142541753806400440e+00
2.650000000000000133e-01 -2.144290167275972436e+00
2.660000000000000142e-01 -2.146030686942516752e+00
2.670000000000000151e-01 -2.147763515258445555e+00
2.680000000000000160e-01 -2.149488849827399850e+00
2.690000000000000169e-01 -2.151206883447972285e+00
2.700000000000000178e-01 -2.152917804157432169e+00
2.710000000000000187e-01 -2.154621795275450502e+00
2.720000000000000195e-01 -2.156319035447824550e+00
2.730000000000000204e-01 -2.158009698690203315e+00
2.740000000000000213e-01 -2.159693954431811669e+00
2.750000000000000222e-01 -2.161371967559174045e+00
2.760000000000000231e-01 -2.163043898459842573e+00
2.770000000000000240e-01 -2.164709903066117658e+00
2.780000000000000249e-01 -2.166370132898776113e+00
2.790000000000000258e-01 -2.168024735110794410e+00
2.800000000000000266e-01 -2.169673852531073699e+00
2.810000000000000275e-01 -2.171317623708164390e+00
2.820000000000000284e-01 -2.172956182953991178e+00
2.830000000000000293e-01 -2.174589660387578061e+00
2.840000000000000302e-01 -2.176218181978772481e+00
2.850000000000000311e-01 -2.177841869591971236e+00
2.860000000000000320e-01 -2.179460841029843721e+00
2.870000000000000329e-01 -2.181075210077057847e+00
2.880000000000000338e-01 -2.182685086544004616e+00
2.889999999999999791e-01 -2.184290576310522702e+00
2.899999999999999800e-01 -2.185891781369623477e+00
2.909999999999999809e-01 -2.187488799871215583e+00
2.919999999999999818e-01 -2.189081726165829078e+00
2.929999999999999827e-01 -2.190670650848341783e+00
2.939999999999999836e-01 -2.192255660801703421e+00
2.949999999999999845e-01 -2.193836839240659309e+00
2.959999999999999853e-01 -2.195414265755476713e+00
2.969999999999999862e-01 -2.196988016355668538e+00
2.979999999999999871e-01 -2.198558163513718355e+00
2.989999999999999880e-01 -2.200124776208806310e+00
2.999999999999999889e-01 -2.201687919970531482e+00
3.009999999999999898e-01 -2.203247656922639575e+00
3.019999999999999907e-01 -2.204804045826745273e+00
3.029999999999999916e-01 -2.206357142126058601e+00
3.039999999999999925e-01 -2.207906997989109055e+00
3.049999999999999933e-01 -2.209453662353469738e+00
3.059999999999999942e-01 -2.210997180969483722e+00
3.069999999999999951e-01 -2.212537596443987731e+00
3.079999999999999960e-01 -2.214074948284037170e+00
3.089999999999999969e-01 -2.215609272940630703e+00
3.099999999999999978e-01 -2.217140603852435277e+00
3.109999999999999987e-01 -2.218668971489510700e+00
3.119999999999999996e-01 -2.220194403397035998e+00
3.130000000000000004e-01 -2.221716924239030444e+00
3.140000000000000013e-01 -2.223236555842082574e+00
3.150000000000000022e-01 -2.224753317239072103e+00
3.160000000000000031e-01 -2.226267224712896731e+00
3.170000000000000040e-01 -2.227778291840194491e+00
3.180000000000000049e-01 -2.229286529535071004e+00
3.190000000000000058e-01 -2.230791946092822720e+00
3.200000000000000067e-01 -2.232294547233662829e+00
3.210000000000000075e-01 -2.233794336146444515e+00
3.220000000000000084e-01 -2.235291313532387303e+00
3.230000000000000093e-01 -2.236785477648800757e+00
3.240000000000000102e-01 -2.238276824352809946e+00
3.250000000000000111e-01 -2.239765347145079577e+00
3.260000000000000120e-01 -2.241251037213539909e+00
3.270000000000000129e-01 -2.242733883477110446e+00
3.280000000000000138e-01 -2.244213872629424067e+00
3.290000000000000147e-01 -2.245690989182554720e+00
3.300000000000000155e-01 -2.247165215510738889e+00
3.310000000000000164e-01 -2.248636531894101953e+00
3.320000000000000173e-01 -2.250104916562383650e+00
3.330000000000000182e-01 -2.251570345738660883e+00
3.340000000000000191e-01 -2.253032793683074519e+00
3.350000000000000200e-01 -2.254492232736552637e+00
3.360000000000000209e-01 -2.255948633364536882e+00
3.370000000000000218e-01 -2.257401964200705713e+00
3.380000000000000226e-01 -2.258852192090699429e+00
3.390000000000000235e-01 -2.260299282135846077e+00
3.400000000000000244e-01 -2.261743197736885147e+00
3.410000000000000253e-01 -2.263183900637693036e+00
3.420000000000000262e-01 -2.264621350969007185e+00
3.430000000000000271e-01 -2.266055507292151106e+00
3.440000000000000280e-01 -2.267486326642759842e+00
3.450000000000000289e-01 -2.268913764574502778e+00
3.460000000000000298e-01 -2.270337775202812214e+00
3.470000000000000306e-01 -2.271758311248603057e+00
3.480000000000000315e-01 -2.273175324082002291e+00
3.490000000000000324e-01 -2.274588763766070443e+00
3.500000000000000333e-01 -2.275998579100528829e+00
3.510000000000000342e-01 -2.277404717665482803e+00
3.519999999999999796e-01 -2.278807125865146332e+00
3.529999999999999805e-01 -2.280205748971567470e+00
3.539999999999999813e-01 -2.281600531168354262e+00
3.549999999999999822e-01 -2.282991415594397111e+00
3.559999999999999831e-01 -2.284378344387595128e+00
3.569999999999999840e-01 -2.285761258728580714e+00
3.579999999999999849e-01 -2.287140098884444139e+00
3.589999999999999858e-01 -2.288514804252458124e+00
3.599999999999999867e-01 -2.289885313403803302e+00
3.609999999999999876e-01 -2.291251564127292806e+00
3.619999999999999885e-01 -2.292613493473095510e+00
3.629999999999999893e-01 -2.293971037796463719e+00
3.639999999999999902e-01 -2.295324132801455974e+00
3.649999999999999911e-01 -2.296672713584661185e+00
3.659999999999999920e-01 -2.298016714678926320e+00
3.669999999999999929e-01 -2.299356070097077431e+00
3.679999999999999938e-01 -2.300690713375647345e+00
3.689999999999999947e-01 -2.302020577618599795e+00
3.699999999999999956e-01 -2.303345595541053115e+00
3.709999999999999964e-01 -2.304665699513006594e+00
3.719999999999999973e-01 -2.305980821603063280e+00
3.729999999999999982e-01 -2.307290893622156780e+00
3.739999999999999991e-01 -2.308595847167274950e+00
3.750000000000000000e-01 -2.309895613665185365e+00
3.760000000000000009e-01 -2.311190124416159009e+00
3.770000000000000018e-01 -2.312479310637695296e+00
3.780000000000000027e-01 -2.313763103508249319e+00
3.790000000000000036e-01 -2.315041434210951987e+00
3.800000000000000044e-01 -2.316314233977339043e+00
3.810000000000000053e-01 -2.317581434131074314e+00
3.820000000000000062e-01 -2.318842966131672956e+00
3.830000000000000071e-01 -2.320098761618229588e+00
3.840000000000000080e-01 -2.321348752453139763e+00
3.850000000000000089e-01 -2.322592870765826323e+00
3.860000000000000098e-01 -2.323831048996464421e+00
3.870000000000000107e-01 -2.325063219939706549e+00
3.880000000000000115e-01 -2.326289316788404893e+00
3.890000000000000124e-01 -2.327509273177339466e+00
3.900000000000000133e-01 -2.328723023226940469e+00
3.910000000000000142e-01 -2.329930501587014646e+00
3.920000000000000151e-01 -2.331131643480468973e+00
3.930000000000000160e-01 -2.332326384747036130e+00
3.940000000000000169e-01 -2.333514661886997743e+00
3.950000000000000178e-01 -2.334696412104912078e+00
3.960000000000000187e-01 -2.335871573353336839e+00
3.970000000000000195e-01 -2.337040084376552862e+00
3.980000000000000204e-01 -2.338201884754292692e+00
3.990000000000000213e-01 -2.339356914945460275e+00
4.000000000000000222e-01 -2.340505116331860869e+00
4.010000000000000231e-01 -2.341646431261509509e+00
4.020000000000000240e-01 -2.342780803081224050e+00
4.030000000000000249e-01 -2.343908176141997757e+00
4.040000000000000258e-01 -2.345028495793652024e+00
4.050000000000000266e-01 -2.346141708379076984e+00
4.060000000000000275e-01 -2.347247761228469454e+00
4.070000000000000284e-01 -2.348346602653575310e+00
4.080000000000000293e-01 -2.349438181941925663e+00
4.090000000000000302e-01 -2.350522449351081455e+00
4.100000000000000311e-01 -2.351599356102869187e+00
4.110000000000000320e-01 -2.352668854377622409e+00
4.120000000000000329e-01 -2.353730897308422332e+00
4.130000000000000338e-01 -2.354785438975335765e+00
4.140000000000000346e-01 -2.355832434399656616e+00
4.150000000000000355e-01 -2.356871839538144275e+00
4.160000000000000364e-01 -2.357903611277265998e+00
4.169999999999999818e-01 -2.358927707427432630e+00
4.179999999999999827e-01 -2.359944086717243206e+00
4.189999999999999836e-01 -2.360952708787719789e+00
4.199999999999999845e-01 -2.361953534186552517e+00
4.209999999999999853e-01 -2.362946524362334877e+00
4.219999999999999862e-01 -2.363931641658806093e+00
4.229999999999999871e-01 -2.364908849309090400e+00
4.239999999999999880e-01 -2.365878111429937203e+00
4.249999999999999889e-01 -2.366839393015959470e+00
4.259999999999999898e-01 -2.367792659933875665e+00
4.269999999999999907e-01 -2.368737878916747697e+00
4.279999999999999916e-01 -2.369675017558221963e+00
4.289999999999999925e-01 -2.370604044306769076e+00
4.299999999999999933e-01 -2.371524928459922243e+00
4.309999999999999942e-01 -2.372437640158520100e+00
4.319999999999999951e-01 -2.373342150380942872e+00
4.329999999999999960e-01 -2.374238430937355204e+00
4.339999999999999969e-01 -2.375126454463944548e+00
4.349999999999999978e-01 -2.376006194417160877e+00
4.359999999999999987e-01 -2.376877625067957744e+00
4.369999999999999996e-01 -2.377740721496029774e+00
4.380000000000000004e-01 -2.378595459584055938e+00
4.390000000000000013e-01 -2.379441816011936162e+00
4.400000000000000022e-01 -2.380279768251032824e+00
4.410000000000000031e-01 -2.381109294558410028e+00
4.420000000000000040e-01 -2.381930373971074211e+00
4.430000000000000049e-01 -2.382742986300212085e+00
4.440000000000000058e-01 -2.383547112125433021e+00
4.450000000000000067e-01 -2.384342732789006991e+00
4.460000000000000075e-01 -2.385129830390105621e+00
4.470000000000000084e-01 -2.385908387779040574e+00
4.480000000000000093e-01 -2.386678388551505048e+00
4.490000000000000102e-01 -2.387439817042812162e+00
4.500000000000000111e-01 -2.388192658322136008e+00
4.510000000000000120e-01 -2.388936898186750479e+00
4.520000000000000129e-01 -2.389672523156269435e+00
4.530000000000000138e-01 -2.390399520466886862e+00
4.540000000000000147e-01 -2.391117878065616154e+00
4.550000000000000155e-01 -2.391827584604531154e+00
4.560000000000000164e-01 -2.392528629435004106e+00
4.570000000000000173e-01 -2.393221002601947145e+00
4.580000000000000182e-01 -2.393904694838050240e+00
4.590000000000000191e-01 -2.394579697558023579e+00
4.600000000000000200e-01 -2.395246002852835954e+00
4.610000000000000209e-01 -2.395903603483953592e+00
4.620000000000000218e-01 -2.396552492877582097e+00
4.630000000000000226e-01 -2.397192665118904831e+00
4.640000000000000235e-01 -2.397824114946323526e+00
4.650000000000000244e-01 -2.398446837745697557e+00
4.660000000000000253e-01 -2.399060829544584106e+00
4.670000000000000262e-01 -2.399666087006477433e+00
4.680000000000000271e-01 -2.400262607425049488e+00
4.690000000000000280e-01 -2.400850388718390072e+00
4.700000000000000289e-01 -2.401429429423244333e+00
4.710000000000000298e-01 -2.401999728689256042e+00
4.720000000000000306e-01 -2.402561286273204644e+00
4.730000000000000315e-01 -2.403114102533246754e+00
4.740000000000000324e-01 -2.403658178423154101e+00
4.750000000000000333e-01 -2.404193515486555910e+00
4.760000000000000342e-01 -2.404720115851176843e+00
4.770000000000000351e-01 -2.405237982223077609e+00
4.780000000000000360e-01 -2.405747117880894237e+00
4.790000000000000369e-01 -2.406247526670078685e+00
4.799999999999999822e-01 -2.406739212997137667e+00
4.809999999999999831e-01 -2.407222181823874152e+00
4.819999999999999840e-01 -2.407696438661624416e+00
4.829999999999999849e-01 -2.408161989565501759e+00
4.839999999999999858e-01 -2.408618841128631782e+00
4.849999999999999867e-01 -2.409067000476396103e+00
4.859999999999999876e-01 -2.409506475260670300e+00
4.869999999999999885e-01 -2.409937273654064516e+00
4.879999999999999893e-01 -2.410359404344161849e+00
4.889999999999999902e-01 -2.410772876527759845e+00
4.899999999999999911e-01 -2.411177699905109773e+00
4.909999999999999920e-01 -2.411573884674156787e+00
4.919999999999999929e-01 -2.411961441524777872e+00
4.929999999999999938e-01 -2.412340381633025110e+00
4.939999999999999947e-01 -2.412710716655361853e+00
4.949999999999999956e-01 -2.413072458722905100e+00
4.959999999999999964e-01 -2.413425620435664776e+00
4.969999999999999973e-01 -2.413770214856782559e+00
4.979999999999999982e-01 -2.414106255506772936e+00
4.989999999999999991e-01 -2.414433756357762473e+00
5.000000000000000000e-01 -2.414752731827728649e+00
5.010000000000000009e-01 -2.415063196774742682e+00
5.020000000000000018e-01 -2.415365166491206139e+00
5.030000000000000027e-01 -2.415658656698092432e+00
5.040000000000000036e-01 -2.415943683539185649e+00
5.050000000000000044e-01 -2.416220263575321603e+00
5.060000000000000053e-01 -2.416488413778627109e+00
5.070000000000000062e-01 -2.416748151526759703e+00
5.080000000000000071e-01 -2.416999494597147358e+00
5.090000000000000080e-01 -2.417242461161228206e+00
5.100000000000000089e-01 -2.417477069778692034e+00
5.110000000000000098e-01 -2.417703339391716444e+00
5.120000000000000107e-01 -2.417921289319211464e+00
5.130000000000000115e-01 -2.418130939251054823e+00
5.140000000000000124e-01 -2.418332309242335221e+00
5.150000000000000133e-01 -2.418525419707590274e+00
5.160000000000000142e-01 -2.418710291415046676e+00
5.170000000000000151e-01 -2.418886945480860362e+00
5.180000000000000160e-01 -2.419055403363357115e+00
5.190000000000000169e-01 -2.419215686857269620e+00
5.200000000000000178e-01 -2.419367818087980737e+00
5.210000000000000187e-01 -2.419511819505761441e+00
5.220000000000000195e-01 -2.419647713880010542e+00
5.230000000000000204e-01 -2.419775524293494851e+00
5.240000000000000213e-01 -2.419895274136589780e+00
5.250000000000000222e-01 -2.420006987101518181e+00
5.260000000000000231e-01 -2.420110687176590059e+00
5.270000000000000240e-01 -2.420206398640443179e+00
5.280000000000000249e-01 -2.420294146056282791e+00
5.290000000000000258e-01 -2.420373954266121341e+00
5.300000000000000266e-01 -2.420445848385017307e+00
5.310000000000000275e-01 -2.420509853795316690e+00
5.320000000000000284e-01 -2.420565996140891851e+00
5.330000000000000293e-01 -2.420614301321381223e+00
5.340000000000000302e-01 -2.420654795486430366e+00
5.350000000000000311e-01 -2.420687505029929909e+00
5.360000000000000320e-01 -2.420712456584257044e+00
5.370000000000000329e-01 -2.420729677014514802e+00
5.380000000000000338e-01 -2.420739193412770440e+00
5.390000000000000346e-01 -2.420741033092298267e+00
5.400000000000000355e-01 -2.420735223581817586e+00
5.410000000000000364e-01 -2.420721792619731527e+00
5.420000000000000373e-01 -2.420700768148368986e+00
5.430000000000000382e-01 -2.420672178308224343e+00
5.440000000000000391e-01 -2.420636051432194957e+00
5.450000000000000400e-01 -2.420592416039823558e+00
5.460000000000000409e-01 -2.420541300831536624e+00
5.470000000000000417e-01 -2.420482734682884995e+00
5.480000000000000426e-01 -2.420416746638784034e+00
5.490000000000000435e-01 -2.420343365907751121e+00
5.500000000000000444e-01 -2.420262621856148488e+00
5.510000000000000453e-01 -2.420174544002421602e+00
5.520000000000000462e-01 -2.420079162011338436e+00
5.530000000000000471e-01 -2.419976505688230972e+00
5.540000000000000480e-01 -2.419866604973233581e+00
5.550000000000000488e-01 -2.419749489935523190e+00
5.560000000000000497e-01 -2.419625190767559442e+00
5.570000000000000506e-01 -2.419493737779324416e+00
5.580000000000000515e-01 -2.419355161392561904e+00
5.590000000000000524e-01 -2.419209492135018902e+00
5.600000000000000533e-01 -2.419056760634682668e+00
5.610000000000000542e-01 -2.418896997614023103e+00
5.620000000000000551e-01 -2.418730233884231584e+00
5.630000000000000560e-01 -2.418556500339461124e+00
5.640000000000000568e-01 -2.418375827951065205e+00
5.650000000000000577e-01 -2.418188247761838383e+00
5.660000000000000586e-01 -2.417993790880256455e+00
5.670000000000000595e-01 -2.417792488474716173e+00
5.680000000000000604e-01 -2.417584371767774076e+00
5.690000000000000613e-01 -2.417369472030387101e+00
5.700000000000000622e-01 -2.417147820576153183e+00
5.710000000000000631e-01 -2.416919448755549649e+00
5.720000000000000639e-01 -2.416684387950173374e+00
5.730000000000000648e-01 -2.416442669566981394e+00
5.740000000000000657e-01 -2.416194325032530177e+00
5.750000000000000666e-01 -2.415939385787215343e+00
5.760000000000000675e-01 -2.415677883279511828e+00
5.769999999999999574e-01 -2.415409848960213601e+00
5.779999999999999583e-01 -2.415135314276673384e+00
5.789999999999999591e-01 -2.414854310667041926e+00
5.799999999999999600e-01 -2.414566869554509942e+00
5.809999999999999609e-01 -2.414273022341545616e+00
5.819999999999999618e-01 -2.413972800404134755e+00
5.829999999999999627e-01 -2.413666235086021405e+00
5.839999999999999636e-01 -2.413353357692948453e+00
5.849999999999999645e-01 -2.413034199486895570e+00
5.859999999999999654e-01 -2.412708791680319376e+00
5.869999999999999662e-01 -2.412377165430395376e+00
5.879999999999999671e-01 -2.412039351833254130e+00
5.889999999999999680e-01 -2.411695381918225412e+00
5.899999999999999689e-01 -2.411345286642074370e+00
5.909999999999999698e-01 -2.410989096883242588e+00
5.919999999999999707e-01 -2.410626843436089572e+00
5.929999999999999716e-01 -2.410258557005129365e+00
5.939999999999999725e-01 -2.409884268199273372e+00
5.949999999999999734e-01 -2.409504007526068747e+00
5.959999999999999742e-01 -2.409117805385938116e+00
5.969999999999999751e-01 -2.408725692066419732e+00
5.979999999999999760e-01 -2.408327697736407202e+00
5.989999999999999769e-01 -2.407923852440390533e+00
5.999999999999999778e-01 -2.407514186092693631e+00
6.009999999999999787e-01 -2.407098728471728677e+00
6.019999999999999796e-01 -2.406677509214595556e+00
6.029999999999999805e-01 -2.406250557812557478e+00
6.039999999999999813e-01 -2.405817903606864316e+00
6.049999999999999822e-01 -2.405379575784587054e+00
6.059999999999999831e-01 -2.404935603374453557e+00
6.069999999999999840e-01 -2.404486015242685681e+00
6.079999999999999849e-01 -2.404030840088833720e+00
6.089999999999999858e-01 -2.403570106441610843e+00
6.099999999999999867e-01 -2.403103842654731981e+00
6.109999999999999876e-01 -2.402632076902746050e+00
6.119999999999999885e-01 -2.402154837176873503e+00
6.129999999999999893e-01 -2.401672151280842105e+00
6.139999999999999902e-01 -2.401184046826721818e+00
6.149999999999999911e-01 -2.400690551230759695e+00
6.159999999999999920e-01 -2.400191691709216979e+00
6.169999999999999929e-01 -2.399687495274204885e+00
6.179999999999999938e-01 -2.399177988729518596e+00
6.189999999999999947e-01 -2.398663198666474372e+00
6.199999999999999956e-01 -2.398143151459743994e+00
6.209999999999999964e-01 -2.397617873263191868e+00
6.219999999999999973e-01 -2.397087390005709029e+00
6.229999999999999982e-01 -2.396551727387050690e+00
6.239999999999999991e-01 -2.396010910873669353e+00
6.250000000000000000e-01 -2.395464965694552806e+00
6.260000000000000009e-01 -2.394913916837058565e+00
6.270000000000000018e-01 -2.394357789042749651e+00
6.280000000000000027e-01 -2.393796606803230365e+00
6.290000000000000036e-01 -2.393230394355982060e+00
6.300000000000000044e-01 -2.392659175680198036e+00
6.310000000000000053e-01 -2.392082974492620639e+00
6.320000000000000062e-01 -2.391501814243374824e+00
6.330000000000000071e-01 -2.390915718111806143e+00
6.340000000000000080e-01 -2.390324709002313863e+00
6.350000000000000089e-01 -2.389728809540189403e+00
6.360000000000000098e-01 -2.389128042067448998e+00
6.370000000000000107e-01 -2.388522428638671258e+00
6.380000000000000115e-01 -2.387911991016833380e+00
6.390000000000000124e-01 -2.387296750669144707e+00
6.400000000000000133e-01 -2.386676728762882949e+00
6.410000000000000142e-01 -2.386051946161231285e+00
6.420000000000000151e-01 -2.385422423419112814e+00
6.430000000000000160e-01 -2.384788180779026323e+00
6.440000000000000169e-01 -2.384149238166881180e+00
6.450000000000000178e-01 -2.383505615187834437e+00
6.460000000000000187e-01 -2.382857331122125721e+00
6.470000000000000195e-01 -2.382204404920913010e+00
6.480000000000000204e-01 -2.381546855202107960e+00
6.490000000000000213e-01 -2.380884700246211239e+00
6.500000000000000222e-01 -2.380217957992149636e+00
6.510000000000000231e-01 -2.379546646033110058e+00
6.520000000000000240e-01 -2.378870781612376195e+00
6.530000000000000249e-01 -2.378190381619163407e+00
6.540000000000000258e-01 -2.377505462584454499e+00
6.550000000000000266e-01 -2.376816040676836383e+00
6.560000000000000275e-01 -2.376122131698334528e+00
6.570000000000000284e-01 -2.375423751080248724e+00
6.580000000000000293e-01 -2.374720913878989315e+00
6.590000000000000302e-01 -2.374013634771912074e+00
6.600000000000000311e-01 -2.373301928053154430e+00
6.610000000000000320e-01 -2.372585807629471688e+00
6.620000000000000329e-01 -2.371865287016070134e+00
6.630000000000000338e-01 -2.371140379332446368e+00
6.640000000000000346e-01 -2.370411097298219083e+00
6.650000000000000355e-01 -2.369677453228968389e+00
6.660000000000000364e-01 -2.368939459032068928e+00
6.670000000000000373e-01 -2.368197126202525205e+00
6.680000000000000382e-01 -2.367450465818810024e+00
6.690000000000000391e-01 -2.366699488538697160e+00
6.700000000000000400e-01 -2.365944204595098466e+00
6.710000000000000409e-01 -2.365184623791899643e+00
6.720000000000000417e-01 -2.364420755499794691e+00
6.730000000000000426e-01 -2.363652608652122566e+00
6.740000000000000435e-01 -2.362880191740703406e+00
6.750000000000000444e-01 -2.362103512811671635e+00
6.760000000000000453e-01 -2.361322579461314408e+00
6.770000000000000462e-01 -2.360537398831906053e+00
6.780000000000000471e-01 -2.359747977607543401e+00
6.790000000000000480e-01 -2.358954322009982452e+00
6.800000000000000488e-01 -2.358156437794471927e+00
6.810000000000000497e-01 -2.357354330245591711e+00
6.820000000000000506e-01 -2.356548004173085964e+00
6.830000000000000515e-01 -2.355737463907701112e+00
6.840000000000000524e-01 -2.354922713297018966e+00
6.850000000000000533e-01 -2.354103755701294265e+00
6.860000000000000542e-01 -2.353280593989289127e+00
6.870000000000000551e-01 -2.352453230534110595e+00
6.880000000000000560e-01 -2.351621667209043309e+00
6.890000000000000568e-01 -2.350785905383387053e+00
6.900000000000000577e-01 -2.349945945918292978e+00
6.910000000000000586e-01 -2.349101789162597154e+00
6.920000000000000595e-01 -2.348253434948657681e+00
6.930000000000000604e-01 -2.347400882588190907e+00
6.940000000000000613e-01 -2.346544130868104094e+00
6.950000000000000622e-01 -2.345683178046335637e+00
6.960000000000000631e-01 -2.344818021847686396e+00
6.970000000000000639e-01 -2.343948659459657691e+00
6.980000000000000648e-01 -2.343075087528285749e+00
6.990000000000000657e-01 -2.342197302153979255e+00
7.000000000000000666e-01 -2.341315298887352458e+00
7.010000000000000675e-01 -2.340429072725062287e+00
7.020000000000000684e-01 -2.339538618105643675e+00
7.030000000000000693e-01 -2.338643928905345781e+00
7.039999999999999591e-01 -2.337744998433966437e+00
7.049999999999999600e-01 -2.336841819430687917e+00
7.059999999999999609e-01 -2.335934384059914493e+00
7.069999999999999618e-01 -2.335022683907105545e+00
7.079999999999999627e-01 -2.334106709974612670e+00
7.089999999999999636e-01 -2.333186452677514566e+00
7.099999999999999645e-01 -2.332261901839453255e+00
7.109999999999999654e-01 -2.331333046688469857e+00
7.119999999999999662e-01 -2.330399875852838587e+00
7.129999999999999671e-01 -2.329462377356905645e+00
7.139999999999999680e-01 -2.328520538616920543e+00
7.149999999999999689e-01 -2.327574346436876329e+00
7.159999999999999698e-01 -2.326623787004340915e+00
7.169999999999999707e-01 -2.325668845886296410e+00
7.179999999999999716e-01 -2.324709508024971338e+00
7.189999999999999725e-01 -2.323745757733679529e+00
7.199999999999999734e-01 -2.322777578692653666e+00
7.209999999999999742e-01 -2.321804953944881067e+00
7.219999999999999751e-01 -2.320827865891940345e+00
7.229999999999999760e-01 -2.319846296289836296e+00
7.239999999999999769e-01 -2.318860226244835232e+00
7.249999999999999778e-01 -2.317869636209301643e+00
7.259999999999999787e-01 -2.316874505977532639e+00
7.269999999999999796e-01 -2.315874814681594174e+00
7.279999999999999805e-01 -2.314870540787157704e+00
7.289999999999999813e-01 -2.313861662089333304e+00
7.299999999999999822e-01 -2.312848155708507658e+00
7.309999999999999831e-01 -2.311829998086178950e+00
7.319999999999999840e-01 -2.310807164980791750e+00
7.329999999999999849e-01 -2.309779631463573679e+00
7.339999999999999858e-01 -2.308747371914370738e+00
7.349999999999999867e-01 -2.307710360017481754e+00
7.359999999999999876e-01 -2.306668568757497262e+00
7.369999999999999885e-01 -2.305621970415130395e+00
7.379999999999999893e-01 -2.304570536563057104e+00
7.389999999999999902e-01 -2.303514238061748376e+00
7.399999999999999911e-01 -2.302453045055308234e+00
7.409999999999999920e-01 -2.301386926967307733e+00
7.419999999999999929e-01 -2.300315852496621627e+00
7.429999999999999938e-01 -2.299239789613263696e+00
7.439999999999999947e-01 -2.298158705554222081e+00
7.449999999999999956e-01 -2.297072566819295059e+00
7.459999999999999964e-01 -2.295981339166926816e+00
7.469999999999999973e-01 -2.294884987610042781e+00
7.479999999999999982e-01 -2.293783476411886735e+00
7.489999999999999991e-01 -2.292676769081853472e+00
7.500000000000000000e-01 -2.291564828371327245e+00
7.510000000000000009e-01 -2.290447616269516207e+00
7.520000000000000018e-01 -2.289325093999288185e+00
7.530000000000000027e-01 -2.288197222013005128e+00
7.540000000000000036e-01 -2.287063959988361983e+00
7.550000000000000044e-01 -2.285925266824218482e+00
7.560000000000000053e-01 -2.284781100636437579e+00
7.570000000000000062e-01 -2.283631418753719000e+00
7.580000000000000071e-01 -2.282476177713437249e+00
7.590000000000000080e-01 -2.281315333257475153e+00
7.600000000000000089e-01 -2.280148840328059645e+00
7.610000000000000098e-01 -2.278976653063599311e+00
7.620000000000000107e-01 -2.277798724794517948e+00
7.630000000000000115e-01 -2.276615008039090782e+00
7.640000000000000124e-01 -2.275425454499280686e+00
7.650000000000000133e-01 -2.274230015056573517e+00
7.660000000000000142e-01 -2.273028639767812997e+00
7.670000000000000151e-01 -2.271821277861036936e+00
7.680000000000000160e-01 -2.270607877731314339e+00
7.690000000000000169e-01 -2.269388386936578073e+00
7.700000000000000178e-01 -2.268162752193462861e+00
7.710000000000000187e-01 -2.266930919373139286e+00
7.720000000000000195e-01 -2.265692833497150893e+00
7.730000000000000204e-01 -2.264448438733249525e+00
7.740000000000000213e-01 -2.263197678391229317e+00
7.750000000000000222e-01 -2.261940494918764699e+00
7.760000000000000231e-01 -2.260676829897244389e+00
7.770000000000000240e-01 -2.259406624037607614e+00
7.780000000000000249e-01 -2.258129817176180332e+00
7.790000000000000258e-01 -2.256846348270509228e+00
7.800000000000000266e-01 -2.255556155395199269e+00
7.810000000000000275e-01 -2.254259175737747256e+00
7.820000000000000284e-01 -2.252955345594379821e+00
7.830000000000000293e-01 -2.251644600365886983e+00
7.840000000000000302e-01 -2.250326874553459255e+00
7.850000000000000311e-01 -2.249002101754522531e+00
7.860000000000000320e-01 -2.247670214658573418e+00
7.870000000000000329e-01 -2.246331145043015898e+00
7.880000000000000338e-01 -2.244984823768995774e+00
7.890000000000000346e-01 -2.243631180777237333e+00
7.900000000000000355e-01 -2.242270145083878230e+00
7.910000000000000364e-01 -2.240901644776305712e+00
7.920000000000000373e-01 -2.239525607008991948e+00
7.930000000000000382e-01 -2.238141957999329801e+00
7.940000000000000391e-01 -2.236750623023467721e+00
7.950000000000000400e-01 -2.235351526412146406e+00
7.960000000000000409e-01 -2.233944591546534575e+00
7.970000000000000417e-01 -2.232529740854062972e+00
7.980000000000000426e-01 -2.231106895804261470e+00
7.990000000000000435e-01 -2.229675976904595291e+00
8.000000000000000444e-01 -2.228236903696298121e+00
8.010000000000000453e-01 -2.226789594750360202e+00
8.020000000000000462e-01 -2.225333967667414647e+00
8.030000000000000471e-01 -2.223869939087526060e+00
8.040000000000000480e-01 -2.222397424703884017e+00
8.050000000000000488e-01 -2.220916339276643114e+00
8.060000000000000497e-01 -2.219426596646765226e+00
8.070000000000000506e-01 -2.217928109749859544e+00
8.080000000000000515e-01 -2.216420790630024840e+00
8.090000000000000524e-01 -2.214904550453690391e+00
8.100000000000000533e-01 -2.213379299523458243e+00
8.110000000000000542e-01 -2.211844947291943697e+00
8.120000000000000551e-01 -2.210301402375616675e+00
8.130000000000000560e-01 -2.208748572568643542e+00
8.140000000000000568e-01 -2.207186364856728034e+00
8.150000000000000577e-01 -2.205614685430952626e+00
8.160000000000000586e-01 -2.204033439701620356e+00
8.170000000000000595e-01 -2.202442532312096191e+00
8.180000000000000604e-01 -2.200841867152647069e+00
8.190000000000000613e-01 -2.199231347374285495e+00
8.200000000000000622e-01 -2.197610875402609132e+00
8.210000000000000631e-01 -2.195980352951642622e+00
8.220000000000000639e-01 -2.194339681037678513e+00
8.230000000000000648e-01 -2.192688759993119962e+00
8.240000000000000657e-01 -2.191027489480321222e+00
8.250000000000000666e-01 -2.189355768505428568e+00
8.260000000000000675e-01 -2.187673495432222115e+00
8.270000000000000684e-01 -2.185980567995958079e+00
8.280000000000000693e-01 -2.184276883317207485e+00
8.290000000000000702e-01 -2.182562337915701089e+00
8.300000000000000711e-01 -2.180836827724167648e+00
8.310000000000000719e-01 -2.179100248102177506e+00
8.320000000000000728e-01 -2.177352493849982640e+00
8.329999999999999627e-01 -2.175593459222357584e+00
8.339999999999999636e-01 -2.173823037942442582e+00
8.349999999999999645e-01 -2.172041123215583180e+00
8.359999999999999654e-01 -2.170247607743173823e+00
8.369999999999999662e-01 -2.168442383736495671e+00
8.379999999999999671e-01 -2.166625342930561082e+00
8.389999999999999680e-01 -2.164796376597954541e+00
8.399999999999999689e-01 -2.162955375562671811e+00
8.409999999999999698e-01 -2.161102230213963971e+00
8.419999999999999707e-01 -2.159236830520177453e+00
8.429999999999999716e-01 -2.157359066042595419e+00
8.439999999999999725e-01 -2.155468825949279577e+00
8.449999999999999734e-01 -2.153565999028910660e+00
8.459999999999999742e-01 -2.151650473704631583e+00
8.469999999999999751e-01 -2.149722138047886144e+00
8.479999999999999760e-01 -2.147780879792263065e+00
8.489999999999999769e-01 -2.145826586347335141e+00
8.499999999999999778e-01 -2.143859144812501949e+00
8.509999999999999787e-01 -2.141878441990831661e+00
8.519999999999999796e-01 -2.139884364402900196e+00
8.529999999999999805e-01 -2.137876798300634817e+00
8.539999999999999813e-01 -2.135855629681154166e+00
8.549999999999999822e-01 -2.133820744300610972e+00
8.559999999999999831e-01 -2.131772027688031201e+00
8.569999999999999840e-01 -2.129709365159158097e+00
8.579999999999999849e-01 -2.127632641830290883e+00
8.589999999999999858e-01 -2.125541742632128361e+00
8.599999999999999867e-01 -2.123436552323608950e+00
8.609999999999999876e-01 -2.121316955505752055e+00
8.619999999999999885e-01 -2.119182836635501221e+00
8.629999999999999893e-01 -2.117034080039561950e+00
8.639999999999999902e-01 -2.114870569928246624e+00
8.649999999999999911e-01 -2.112692190409314108e+00
8.659999999999999920e-01 -2.110498825501811115e+00
8.669999999999999929e-01 -2.108290359149914028e+00
8.679999999999999938e-01 -2.106066675236770269e+00
8.689999999999999947e-01 -2.103827657598339229e+00
8.699999999999999956e-01 -2.101573190037233640e+00
8.709999999999999964e-01 -2.099303156336561393e+00
8.719999999999999973e-01 -2.097017440273767352e+00
8.729999999999999982e-01 -2.094715925634472065e+00
8.739999999999999991e-01 -2.092398496226317572e+00
8.750000000000000000e-01 -2.090065035892804346e+00
8.760000000000000009e-01 -2.087715428527135320e+00
8.770000000000000018e-01 -2.085349558086056820e+00
8.780000000000000027e-01 -2.082967308603698164e+00
8.790000000000000036e-01 -2.080568564205416582e+00
8.800000000000000044e-01 -2.078153209121634593e+00
8.810000000000000053e-01 -2.075721127701684043e+00
8.820000000000000062e-01 -2.073272204427646592e+00
8.830000000000000071e-01 -2.070806323928195081e+00
8.840000000000000080e-01 -2.068323370992434906e+00
8.850000000000000089e-01 -2.065823230583744952e+00
8.860000000000000098e-01 -2.063305787853619844e+00
8.870000000000000107e-01 -2.060770928155510884e+00
8.880000000000000115e-01 -2.058218537058666975e+00
8.890000000000000124e-01 -2.055648500361977327e+00
8.900000000000000133e-01 -2.053060704107810164e+00
8.910000000000000142e-01 -2.050455034595857207e+00
8.920000000000000151e-01 -2.047831378396972823e+00
8.930000000000000160e-01 -2.045189622367017179e+00
8.940000000000000169e-01 -2.042529653660695388e+00
8.950000000000000178e-01 -2.039851359745400217e+00
8.960000000000000187e-01 -2.037154628415053903e+00
8.970000000000000195e-01 -2.034439347803949083e+00
8.980000000000000204e-01 -2.031705406400588387e+00
8.990000000000000213e-01 -2.028952693061529367e+00
9.000000000000000222e-01 -2.026181097025222311e+00
9.010000000000000231e-01 -2.023390507925854287e+00
9.020000000000000240e-01 -2.020580815807187847e+00
9.030000000000000249e-01 -2.017751911136405951e+00
9.040000000000000258e-01 -2.014903684817949792e+00
9.050000000000000266e-01 -2.012036028207361493e+00
9.060000000000000275e-01 -2.009148833125126821e+00
9.070000000000000284e-01 -2.006241991870514330e+00
9.080000000000000293e-01 -2.003315397235417628e+00
9.090000000000000302e-01 -2.000368942518197635e+00
9.100000000000000311e-01 -1.997402521537522402e+00
9.110000000000000320e-01 -1.994416028646209593e+00
9.120000000000000329e-01 -1.991409358745067415e+00
9.130000000000000338e-01 -1.988382407296735321e+00
9.140000000000000346e-01 -1.985335070339527164e+00
9.150000000000000355e-01 -1.982267244501270564e+00
9.160000000000000364e-01 -1.979178827013149178e+00
9.170000000000000373e-01 -1.976069715723544951e+00
9.180000000000000382e-01 -1.972939809111877274e+00
9.190000000000000391e-01 -1.969789006302446133e+00
9.200000000000000400e-01 -1.966617207078273255e+00
9.210000000000000409e-01 -1.963424311894942820e+00
9.220000000000000417e-01 -1.960210221894443272e+00
9.230000000000000426e-01 -1.956974838919008031e+00
9.240000000000000435e-01 -1.953718065524958192e+00
9.250000000000000444e-01 -1.950439804996542570e+00
9.260000000000000453e-01 -1.947139961359779514e+00
9.270000000000000462e-01 -1.943818439396298503e+00
9.280000000000000471e-01 -1.940475144657181517e+00
9.290000000000000480e-01 -1.937109983476803299e+00
9.300000000000000488e-01 -1.933722862986674507e+00
9.310000000000000497e-01 -1.930313691129281750e+00
9.320000000000000506e-01 -1.926882376671929187e+00
9.330000000000000515e-01 -1.923428829220580560e+00
9.340000000000000524e-01 -1.919952959233699463e+00
9.350000000000000533e-01 -1.916454678036091819e+00
9.360000000000000542e-01 -1.912933897832746144e+00
9.370000000000000551e-01 -1.909390531722675810e+00
9.380000000000000560e-01 -1.905824493712759971e+00
9.390000000000000568e-01 -1.902235698731584934e+00
9.400000000000000577e-01 -1.898624062643285537e+00
9.410000000000000586e-01 -1.894989502261386516e+00
9.420000000000000595e-01 -1.891331935362644101e+00
9.430000000000000604e-01 -1.887651280700886947e+00
9.440000000000000613e-01 -1.883947458020857946e+00
9.450000000000000622e-01 -1.880220388072054938e+00
9.460000000000000631e-01 -1.876469992622572969e+00
9.470000000000000639e-01 -1.872696194472944553e+00
9.480000000000000648e-01 -1.868898917469982379e+00
9.490000000000000657e-01 -1.865078086520619349e+00
9.500000000000000666e-01 -1.861233627605750396e+00
9.510000000000000675e-01 -1.857365467794074743e+00
9.520000000000000684e-01 -1.853473535255935722e+00
9.530000000000000693e-01 -1.849557759277162816e+00
9.540000000000000702e-01 -1.845618070272913691e+00
9.550000000000000711e-01 -1.841654399801514463e+00
9.560000000000000719e-01 -1.837666680578301737e+00
9.570000000000000728e-01 -1.833654846489463530e+00
9.580000000000000737e-01 -1.829618832605881540e+00
9.590000000000000746e-01 -1.825558575196970512e+00
9.599999999999999645e-01 -1.821474011744522281e+00
9.609999999999999654e-01 -1.817365080956544698e+00
9.619999999999999662e-01 -1.813231722781105004e+00
9.629999999999999671e-01 -1.809073878420169423e+00
9.639999999999999680e-01 -1.804891490343445426e+00
9.649999999999999689e-01 -1.800684502302223766e+00
9.659999999999999698e-01 -1.796452859343217856e+00
9.669999999999999707e-01 -1.792196507822407137e+00
9.679999999999999716e-01 -1.787915395418877562e+00
9.689999999999999725e-01 -1.783609471148662529e+00
9.699999999999999734e-01 -1.779278685378585356e+00
9.709999999999999742e-01 -1.774922989840099330e+00
9.719999999999999751e-01 -1.770542337643130404e+00
9.729999999999999760e-01 -1.766136683289917464e+00
9.739999999999999769e-01 -1.761705982688854144e+00
9.749999999999999778e-01 -1.757250193168330199e+00
9.759999999999999787e-01 -1.752769273490573099e+00
9.769999999999999796e-01 -1.748263183865488513e+00
9.779999999999999805e-01 -1.743731885964502792e+00
9.789999999999999813e-01 -1.739175342934403456e+00
9.799999999999999822e-01 -1.734593519411181006e+00
9.809999999999999831e-01 -1.729986381533870299e+00
9.819999999999999840e-01 -1.725353896958391253e+00
9.829999999999999849e-01 -1.720696034871391333e+00
9.839999999999999858e-01 -1.716012766004085810e+00
9.849999999999999867e-01 -1.711304062646100244e+00
9.859999999999999876e-01 -1.706569898659310081e+00
9.869999999999999885e-01 -1.701810249491684468e+00
9.879999999999999893e-01 -1.697025092191124962e+00
9.889999999999999902e-01 -1.692214405419309564e+00
9.899999999999999911e-01 -1.687378169465531430e+00
9.909999999999999920e-01 -1.682516366260542018e+00
9.919999999999999929e-01 -1.677628979390392239e+00
9.929999999999999938e-01 -1.672715994110273385e+00
9.939999999999999947e-01 -1.667777397358357838e+00
9.949999999999999956e-01 -1.662813177769641992e+00
9.959999999999999964e-01 -1.657823325689786742e+00
9.969999999999999973e-01 -1.652807833188958631e+00
9.979999999999999982e-01 -1.647766694075671889e+00
9.989999999999999991e-01 -1.642699903910628922e+00
1.000000000000000000e+00 -1.637607460020563011e+00
