0.000000000000000000e+00 1.000000000000000000e+00
6.499999999999999702e-03 9.999993003959447568e-01
1.299999999999999940e-02 9.999995710719886688e-01
1.949999999999999997e-02 1.000000839856639345e+00
2.599999999999999881e-02 1.000003179104016704e+00
3.250000000000000111e-02 1.000006727952795771e+00
3.899999999999999994e-02 1.000011712272790732e+00
4.549999999999999878e-02 1.000018443180736405e+00
5.199999999999999761e-02 1.000027289077725312e+00
5.849999999999999645e-02 1.000038642881644346e+00
6.500000000000000222e-02 1.000052889326695116e+00
7.149999999999999412e-02 1.000070378542012861e+00
7.799999999999999989e-02 1.000091424749640634e+00
8.449999999999999178e-02 1.000116320264849756e+00
9.099999999999999756e-02 1.000145350622999141e+00
9.749999999999998945e-02 1.000178809337187058e+00
1.039999999999999952e-01 1.000217006497293060e+00
1.105000000000000010e-01 1.000260265696748530e+00
1.169999999999999929e-01 1.000308917554413313e+00
1.234999999999999987e-01 1.000363293161610878e+00
1.300000000000000044e-01 1.000423718181716826e+00
1.364999999999999825e-01 1.000490511200377686e+00
1.429999999999999882e-01 1.000563986037263708e+00
1.494999999999999940e-01 1.000644454569358688e+00
1.559999999999999998e-01 1.000732229533316309e+00
1.625000000000000056e-01 1.000827626577453611e+00
1.689999999999999836e-01 1.000930964102921372e+00
1.754999999999999893e-01 1.001042562096063682e+00
1.819999999999999951e-01 1.001162740912032723e+00
1.885000000000000009e-01 1.001291820113620501e+00
1.949999999999999789e-01 1.001430117927042840e+00
2.014999999999999847e-01 1.001577951575951086e+00
2.079999999999999905e-01 1.001735637802890988e+00
2.144999999999999962e-01 1.001903493392076072e+00
2.210000000000000020e-01 1.002081835611448923e+00
2.274999999999999800e-01 1.002270982276598499e+00
2.339999999999999858e-01 1.002471251549030828e+00
2.404999999999999916e-01 1.002682961710665843e+00
2.469999999999999973e-01 1.002906430942210436e+00
2.535000000000000031e-01 1.003141977182066436e+00
2.600000000000000089e-01 1.003389918161731176e+00
2.665000000000000147e-01 1.003650571501098376e+00
2.729999999999999649e-01 1.003924254805537597e+00
2.794999999999999707e-01 1.004211285755400196e+00
2.859999999999999765e-01 1.004511982136863324e+00
2.924999999999999822e-01 1.004826661809834709e+00
2.989999999999999880e-01 1.005155642666195170e+00
3.054999999999999938e-01 1.005499242588203668e+00
3.119999999999999996e-01 1.005857779416295505e+00
3.185000000000000053e-01 1.006231570949078113e+00
3.250000000000000111e-01 1.006620934960313019e+00
3.314999999999999614e-01 1.007026189216919443e+00
3.379999999999999671e-01 1.007447651496371055e+00
3.444999999999999729e-01 1.007885639595871519e+00
3.509999999999999787e-01 1.008340471328033949e+00
3.574999999999999845e-01 1.008812464513188623e+00
3.639999999999999902e-01 1.009301936971638725e+00
3.704999999999999960e-01 1.009809206516885105e+00
3.770000000000000018e-01 1.010334590954181433e+00
3.835000000000000075e-01 1.010878408083406566e+00
3.899999999999999578e-01 1.011440975702399658e+00
3.964999999999999636e-01 1.012022611610258860e+00
4.029999999999999694e-01 1.012623633609603724e+00
4.094999999999999751e-01 1.013244359506213943e+00
4.159999999999999809e-01 1.013885107107630690e+00
4.224999999999999867e-01 1.014546194221722208e+00
4.289999999999999925e-01 1.015227938655331119e+00
4.354999999999999982e-01 1.015930658213726190e+00
4.420000000000000040e-01 1.016654670701037322e+00
4.484999999999999543e-01 1.017400293920872612e+00
4.549999999999999600e-01 1.018167845676935190e+00
4.614999999999999658e-01 1.018957643773521715e+00
4.679999999999999716e-01 1.019770006015562114e+00
4.744999999999999774e-01 1.020605250208374670e+00
4.809999999999999831e-01 1.021463694157402680e+00
4.874999999999999889e-01 1.022345655667956654e+00
4.939999999999999947e-01 1.023251452545061779e+00
5.004999999999999449e-01 1.024181402593508095e+00
5.070000000000000062e-01 1.025135823617959296e+00
5.134999999999999565e-01 1.026115033423061318e+00
5.200000000000000178e-01 1.027119349813542248e+00
5.264999999999999680e-01 1.028149090594245196e+00
5.330000000000000293e-01 1.029204573570097869e+00
5.394999999999999796e-01 1.030286116546075936e+00
5.459999999999999298e-01 1.031394037327164837e+00
5.524999999999999911e-01 1.032528653718327805e+00
5.589999999999999414e-01 1.033690283524492548e+00
5.655000000000000027e-01 1.034879244550544808e+00
5.719999999999999529e-01 1.036095854601321919e+00
5.785000000000000142e-01 1.037340431481608594e+00
5.849999999999999645e-01 1.038613292996155568e+00
5.915000000000000258e-01 1.039914756949725572e+00
5.979999999999999760e-01 1.041245141147147946e+00
6.044999999999999263e-01 1.042604763393371492e+00
6.109999999999999876e-01 1.043993941493498223e+00
6.174999999999999378e-01 1.045412993252715639e+00
6.239999999999999991e-01 1.046862236476161057e+00
6.304999999999999494e-01 1.048341988968778615e+00
6.370000000000000107e-01 1.049852568535182717e+00
6.434999999999999609e-01 1.051394292979640710e+00
6.500000000000000222e-01 1.052967480106320686e+00
6.564999999999999725e-01 1.054572447719626771e+00
6.629999999999999227e-01 1.056209513624536855e+00
6.694999999999999840e-01 1.057878995626880592e+00
6.759999999999999343e-01 1.059581211533139777e+00
6.824999999999999956e-01 1.061316479149736258e+00
6.889999999999999458e-01 1.063085116282244558e+00
6.955000000000000071e-01 1.064887440734610946e+00
7.019999999999999574e-01 1.066723770308785069e+00
7.085000000000000187e-01 1.068594422805765776e+00
7.149999999999999689e-01 1.070499716027390802e+00
7.214999999999999192e-01 1.072439967778173076e+00
7.279999999999999805e-01 1.074415495866991144e+00
7.344999999999999307e-01 1.076426618106835598e+00
7.409999999999999920e-01 1.078473652311357833e+00
7.474999999999999423e-01 1.080556916290621450e+00
7.540000000000000036e-01 1.082676727846849873e+00
7.604999999999999538e-01 1.084833404771408993e+00
7.670000000000000151e-01 1.087027264848600794e+00
7.734999999999999654e-01 1.089258625864968799e+00
7.799999999999999156e-01 1.091527805619196823e+00
7.864999999999999769e-01 1.093835121931736154e+00
7.929999999999999272e-01 1.096180892647304228e+00
7.994999999999999885e-01 1.098565435619292874e+00
8.059999999999999387e-01 1.100989068687047601e+00
8.125000000000000000e-01 1.103452109652878432e+00
8.189999999999999503e-01 1.105954876262279951e+00
8.255000000000000115e-01 1.108497686213880007e+00
8.319999999999999618e-01 1.111080857206120598e+00
8.384999999999999121e-01 1.113704706990605642e+00
8.449999999999999734e-01 1.116369553425105465e+00
8.514999999999999236e-01 1.119075714503320329e+00
8.579999999999999849e-01 1.121823508291665217e+00
8.644999999999999352e-01 1.124613252809411712e+00
8.709999999999999964e-01 1.127445265904662319e+00
8.774999999999999467e-01 1.130319865137344948e+00
8.840000000000000080e-01 1.133237367779244886e+00
8.904999999999999583e-01 1.136198091035860003e+00
8.969999999999999085e-01 1.139202352332962853e+00
9.034999999999999698e-01 1.142250469604290330e+00
9.099999999999999201e-01 1.145342761512664120e+00
9.164999999999999813e-01 1.148479547237485132e+00
9.229999999999999316e-01 1.151661145858093427e+00
9.294999999999999929e-01 1.154887875684942333e+00
9.359999999999999432e-01 1.158160053603022099e+00
9.425000000000000044e-01 1.161477994827974536e+00
9.489999999999999547e-01 1.164842013878140126e+00
9.554999999999999050e-01 1.168252426101444641e+00
9.619999999999999662e-01 1.171709549228994396e+00
9.684999999999999165e-01 1.175213704764881184e+00
9.749999999999999778e-01 1.178765217545828303e+00
9.814999999999999281e-01 1.182364412695622091e+00
9.879999999999999893e-01 1.186011612023490258e+00
9.944999999999999396e-01 1.189707130431526982e+00
1.000999999999999890e+00 1.193451273613537200e+00
1.007500000000000062e+00 1.197244341804428736e+00
1.014000000000000012e+00 1.201086637780092170e+00
1.020499999999999963e+00 1.204978475237687308e+00
1.026999999999999913e+00 1.208920186840102051e+00
1.033499999999999863e+00 1.212912125309868250e+00
1.040000000000000036e+00 1.216954649290908907e+00
1.046499999999999986e+00 1.221048104040405757e+00
1.052999999999999936e+00 1.225192801976448642e+00
1.059499999999999886e+00 1.229389006751781199e+00
1.066000000000000059e+00 1.233636944634908250e+00
1.072500000000000009e+00 1.237936845191370150e+00
1.078999999999999959e+00 1.242288986463136125e+00
1.085499999999999909e+00 1.246693739629516129e+00
1.091999999999999860e+00 1.251151590084590204e+00
1.098500000000000032e+00 1.255663077668433214e+00
1.104999999999999982e+00 1.260228694241690039e+00
1.111499999999999932e+00 1.264848778702966081e+00
1.117999999999999883e+00 1.269523420203675812e+00
1.124500000000000055e+00 1.274252472713033324e+00
1.131000000000000005e+00 1.279035752368283596e+00
1.137499999999999956e+00 1.283873280515870574e+00
1.143999999999999906e+00 1.288765526939688266e+00
1.150499999999999856e+00 1.293713582407189699e+00
1.157000000000000028e+00 1.298718941715951258e+00
1.163499999999999979e+00 1.303782971490622833e+00
1.169999999999999929e+00 1.308906343964787444e+00
1.176499999999999879e+00 1.314088486384617616e+00
1.183000000000000052e+00 1.319327438056512536e+00
1.189500000000000002e+00 1.324620742183306943e+00
1.195999999999999952e+00 1.329966745344459689e+00
1.202499999999999902e+00 1.335365912348386530e+00
1.208999999999999853e+00 1.340821957611308290e+00
1.215500000000000025e+00 1.346341276115946117e+00
1.221999999999999975e+00 1.351930273454486908e+00
1.228499999999999925e+00 1.357592314620201801e+00
1.234999999999999876e+00 1.363324692362262169e+00
1.241500000000000048e+00 1.369116924872406882e+00
1.247999999999999998e+00 1.374954371424475186e+00
1.254499999999999948e+00 1.380825087634410364e+00
1.260999999999999899e+00 1.386726919203252528e+00
1.267499999999999849e+00 1.392674194118985964e+00
1.274000000000000021e+00 1.398697720764674246e+00
1.280499999999999972e+00 1.404832098859728928e+00
1.286999999999999922e+00 1.411099329453243678e+00
1.293499999999999872e+00 1.417492360372054394e+00
1.300000000000000044e+00 1.423962439151170711e+00
1.306499999999999995e+00 1.430431267391822692e+00
1.312999999999999945e+00 1.436826269718166627e+00
1.319499999999999895e+00 1.443118847435448160e+00
1.325999999999999845e+00 1.449361931754478583e+00
1.332500000000000018e+00 1.455703932892751018e+00
1.338999999999999968e+00 1.462333143663837820e+00
1.345499999999999918e+00 1.469390408969464490e+00
1.351999999999999869e+00 1.476880267532772351e+00
1.358500000000000041e+00 1.484591461634738652e+00
1.364999999999999991e+00 1.492122120900509552e+00
1.371499999999999941e+00 1.499053948944251369e+00
1.377999999999999892e+00 1.505158212952235619e+00
1.384499999999999842e+00 1.510601215984632262e+00
1.391000000000000014e+00 1.516075923158763716e+00
1.397499999999999964e+00 1.522587604619358714e+00
1.403999999999999915e+00 1.530996426365590857e+00
1.410499999999999865e+00 1.541538288693384162e+00
1.417000000000000037e+00 1.553364827979089702e+00
1.423499999999999988e+00 1.564480038693703667e+00
1.429999999999999938e+00 1.572546091619765773e+00
1.436499999999999888e+00 1.575984161967367569e+00
1.442999999999999838e+00 1.575083500465788822e+00
1.449500000000000011e+00 1.572913484534081086e+00
1.455999999999999961e+00 1.574709876514636564e+00
1.462499999999999911e+00 1.585623941516019819e+00
1.468999999999999861e+00 1.608220233627725149e+00
1.475500000000000034e+00 1.639996906478179861e+00
1.481999999999999984e+00 1.671943728622681924e+00
1.488499999999999934e+00 1.690657440065888029e+00
1.494999999999999885e+00 1.682334058554961986e+00
1.501499999999999835e+00 1.637991052446421847e+00
1.508000000000000007e+00 1.582658151752669440e+00
1.514499999999999957e+00 1.528612426598882079e+00
1.520999999999999908e+00 1.475851947764354355e+00
1.527499999999999858e+00 1.424373709133026189e+00
1.534000000000000030e+00 1.374173656897465179e+00
1.540499999999999980e+00 1.325246718762854714e+00
1.546999999999999931e+00 1.277586833150977208e+00
1.553499999999999881e+00 1.231186978404200216e+00
1.559999999999999831e+00 1.186039201989461223e+00
1.566500000000000004e+00 1.142134649702253757e+00
1.572999999999999954e+00 1.099463594870611738e+00
1.579499999999999904e+00 1.058015467559095590e+00
1.585999999999999854e+00 1.017778883772776588e+00
1.592500000000000027e+00 9.787416746612233043e-01
1.598999999999999977e+00 9.408909157224853992e-01
1.605499999999999927e+00 9.042129560070802929e-01
1.611999999999999877e+00 8.686934473219776187e-01
1.618499999999999828e+00 8.343173734345850079e-01
1.625000000000000000e+00 8.010690792767324320e-01
1.631499999999999950e+00 7.689323001486588760e-01
1.637999999999999901e+00 7.378901909229965694e-01
1.644499999999999851e+00 7.079253552487564383e-01
1.651000000000000023e+00 6.790198747553136682e-01
1.657499999999999973e+00 6.511553382563928238e-01
1.663999999999999924e+00 6.243128709540528565e-01
1.670499999999999874e+00 5.984731636426727786e-01
1.676999999999999824e+00 5.736165019129371156e-01
1.683499999999999996e+00 5.497227953558203595e-01
1.689999999999999947e+00 5.267716067665728641e-01
1.696499999999999897e+00 5.047421813487062980e-01
1.702999999999999847e+00 4.836134759179782083e-01
1.709500000000000020e+00 4.633641881063779167e-01
1.715999999999999970e+00 4.439727855661110834e-01
1.722499999999999920e+00 4.254175351735862698e-01
1.728999999999999870e+00 4.076765322333992803e-01
1.735499999999999821e+00 3.907277296823179480e-01
1.741999999999999993e+00 3.745489672932686975e-01
1.748499999999999943e+00 3.591180008793204426e-01
1.754999999999999893e+00 3.444125314976713703e-01
1.761499999999999844e+00 3.304102346536328394e-01
1.768000000000000016e+00 3.170887895046152760e-01
1.774499999999999966e+00 3.044259080641136261e-01
1.780999999999999917e+00 2.923993644056925856e-01
1.787499999999999867e+00 2.809870238669711640e-01
1.793999999999999817e+00 2.701668722536083589e-01
1.800499999999999989e+00 2.599170450432897184e-01
1.806999999999999940e+00 2.502158565897101283e-01
1.813499999999999890e+00 2.410418293265605971e-01
1.819999999999999840e+00 2.323737229715143737e-01
1.826500000000000012e+00 2.241905637302101795e-01
1.832999999999999963e+00 2.164716735002385484e-01
1.839499999999999913e+00 2.091966990751279454e-01
1.845999999999999863e+00 2.023456413483273320e-01
1.852499999999999813e+00 1.958988845171953930e-01
1.858999999999999986e+00 1.898372252869826582e-01
1.865499999999999936e+00 1.841419020748169544e-01
1.871999999999999886e+00 1.787946242136910779e-01
1.878499999999999837e+00 1.737776011564451384e-01
1.885000000000000009e+00 1.690735716797541477e-01
1.891499999999999959e+00 1.646658326506491576e-01
1.897999999999999909e+00 1.605382582679210079e-01
1.904499999999999860e+00 1.566752977125779323e-01
1.910999999999999810e+00 1.530619652123478558e-01
1.917499999999999982e+00 1.496838298642660381e-01
1.923999999999999932e+00 1.465270054572628822e-01
1.930499999999999883e+00 1.435781402947514940e-01
1.936999999999999833e+00 1.408244070172155471e-01
1.943500000000000005e+00 1.382534924247968144e-01
1.949999999999999956e+00 1.358535872998830329e-01
1.956499999999999906e+00 1.336133762296954630e-01
1.962999999999999856e+00 1.315220274288766700e-01
1.969499999999999806e+00 1.295691825620781945e-01
1.975999999999999979e+00 1.277449465665482786e-01
1.982499999999999929e+00 1.260398774747195638e-01
1.988999999999999879e+00 1.244449762367967616e-01
1.995499999999999829e+00 1.229516765433443515e-01
2.001999999999999780e+00 1.215518346478742517e-01
2.008499999999999730e+00 1.202377191894337949e-01
2.015000000000000124e+00 1.190020010151929264e-01
2.021500000000000075e+00 1.178377430030323331e-01
2.028000000000000025e+00 1.167383898841309608e-01
2.034499999999999975e+00 1.156977580655537408e-01
2.040999999999999925e+00 1.147100254528392871e-01
2.047499999999999876e+00 1.137697212725876372e-01
2.053999999999999826e+00 1.128717158950478666e-01
2.060499999999999776e+00 1.120112106567059118e-01
2.066999999999999726e+00 1.111837276828721854e-01
2.073500000000000121e+00 1.103850997102692605e-01
2.080000000000000071e+00 1.096114599096196102e-01
2.086500000000000021e+00 1.088592317082333338e-01
2.092999999999999972e+00 1.081251186125958275e-01
2.099499999999999922e+00 1.074060940309554402e-01
2.105999999999999872e+00 1.066993910959112418e-01
2.112499999999999822e+00 1.060024924870007490e-01
2.118999999999999773e+00 1.053131202532874983e-01
2.125499999999999723e+00 1.046292256359488831e-01
2.132000000000000117e+00 1.039489788908637413e-01
2.138500000000000068e+00 1.032707591112001777e-01
2.145000000000000018e+00 1.025931440500031655e-01
2.151499999999999968e+00 1.019148999427822583e-01
2.157999999999999918e+00 1.012349713300993020e-01
2.164499999999999869e+00 1.005524708801562722e-01
2.170999999999999819e+00 9.986666921138268038e-02
2.177499999999999769e+00 9.917698471502349455e-02
2.183999999999999719e+00 9.848297337772687898e-02
2.190500000000000114e+00 9.778431860413168419e-02
2.197000000000000064e+00 9.708082103945533947e-02
2.203500000000000014e+00 9.637238839208138452e-02
2.209999999999999964e+00 9.565902525614750074e-02
2.216499999999999915e+00 9.494082293413261264e-02
2.222999999999999865e+00 9.421794925944521060e-02
2.229499999999999815e+00 9.349063841901084082e-02
2.235999999999999766e+00 9.275918077585956767e-02
2.242499999999999716e+00 9.202391269171389387e-02
2.249000000000000110e+00 9.128520634957661140e-02
2.255500000000000060e+00 9.054345957631811104e-02
2.262000000000000011e+00 8.979908566526455249e-02
2.268499999999999961e+00 8.905250319878491028e-02
2.274999999999999911e+00 8.830412591899465535e-02
2.281499999999999861e+00 8.755435440282030579e-02
2.287999999999999812e+00 8.680357343629027667e-02
2.294499999999999762e+00 8.605215217026677965e-02
2.300999999999999712e+00 8.530044442497240753e-02
2.307500000000000107e+00 8.454878899451848118e-02
2.314000000000000057e+00 8.379750995143325776e-02
2.320500000000000007e+00 8.304691695119020833e-02
2.326999999999999957e+00 8.229730553673633708e-02
2.333499999999999908e+00 8.154895744302041727e-02
2.339999999999999858e+00 8.080214090152125495e-02
2.346499999999999808e+00 8.005711094477599432e-02
2.352999999999999758e+00 7.931410971090839535e-02
2.359499999999999709e+00 7.857336674815704192e-02
2.366000000000000103e+00 7.783509931940371662e-02
2.372500000000000053e+00 7.709951270670156731e-02
2.379000000000000004e+00 7.636680051580348183e-02
2.385499999999999954e+00 7.563714498069028236e-02
2.391999999999999904e+00 7.491071726809903075e-02
2.398499999999999854e+00 7.418767778205129226e-02
2.404999999999999805e+00 7.346817646838145477e-02
2.411499999999999755e+00 7.275235311926492310e-02
2.417999999999999705e+00 7.204033767774643826e-02
2.424500000000000099e+00 7.133225054226835504e-02
2.431000000000000050e+00 7.062820287119893348e-02
2.437500000000000000e+00 6.992829688736051930e-02
2.443999999999999950e+00 6.923262618255796030e-02
2.450499999999999901e+00 6.854127602210671744e-02
2.456999999999999851e+00 6.785432364936128113e-02
2.463499999999999801e+00 6.717183859024339343e-02
2.469999999999999751e+00 6.649388295777025615e-02
2.476499999999999702e+00 6.582051175658293340e-02
2.483000000000000096e+00 6.515177318747450430e-02
2.489500000000000046e+00 6.448770895191838215e-02
2.495999999999999996e+00 6.382835455659663371e-02
2.502499999999999947e+00 6.317373961792818737e-02
2.508999999999999897e+00 6.252388816659711079e-02
2.515499999999999847e+00 6.187881895208093008e-02
2.521999999999999797e+00 6.123854574717885191e-02
2.528499999999999748e+00 6.060307765254009660e-02
2.534999999999999698e+00 5.997241940119210635e-02
2.541500000000000092e+00 5.934657166306885057e-02
2.548000000000000043e+00 5.872553134953909654e-02
2.554499999999999993e+00 5.810929191793469395e-02
2.560999999999999943e+00 5.749784367607884555e-02
2.567499999999999893e+00 5.689117408681432925e-02
2.573999999999999844e+00 5.628926807253185893e-02
2.580499999999999794e+00 5.569210831969829967e-02
2.586999999999999744e+00 5.509967558338494525e-02
2.593499999999999694e+00 5.451194899179580972e-02
2.600000000000000089e+00 5.392890635079589101e-02
2.606500000000000039e+00 5.335052444843944169e-02
2.612999999999999989e+00 5.277677935949824650e-02
2.619499999999999940e+00 5.220764674998989302e-02
2.625999999999999890e+00 5.164310218170605621e-02
2.632499999999999840e+00 5.108312141674076212e-02
2.638999999999999790e+00 5.052768072201864469e-02
2.645499999999999741e+00 4.997675717382325800e-02
2.651999999999999691e+00 4.943032896232529838e-02
2.658500000000000085e+00 4.888837569553355911e-02
2.665000000000000036e+00 4.835087866105025611e-02
2.671499999999999986e+00 4.781782089959282084e-02
2.677999999999999936e+00 4.728918715194133093e-02
2.684499999999999886e+00 4.676496379520864860e-02
2.690999999999999837e+00 4.624513877910490373e-02
2.697499999999999787e+00 4.572970156220198396e-02
2.703999999999999737e+00 4.521864304819799701e-02
2.710499999999999687e+00 4.471195552218177466e-02
2.717000000000000082e+00 4.420963258689731418e-02
2.723500000000000032e+00 4.371166909900831010e-02
2.729999999999999982e+00 4.321806110536258183e-02
2.736499999999999932e+00 4.272880577925659840e-02
2.742999999999999883e+00 4.224390135669990609e-02
2.749499999999999833e+00 4.176334707267967405e-02
2.755999999999999783e+00 4.128714309742510802e-02
2.762499999999999734e+00 4.081529047267197507e-02
2.768999999999999684e+00 4.034779104792707294e-02
2.775500000000000078e+00 3.988464741673269226e-02
2.782000000000000028e+00 3.942586285293112058e-02
2.788499999999999979e+00 3.897144124692909772e-02
2.794999999999999929e+00 3.852138704196231972e-02
2.801499999999999879e+00 3.807570517035990809e-02
2.807999999999999829e+00 3.763440098980887216e-02
2.814499999999999780e+00 3.719748021961861995e-02
2.820999999999999730e+00 3.676494887698542047e-02
2.827499999999999680e+00 3.633681321325688690e-02
2.834000000000000075e+00 3.591307965019643889e-02
2.840500000000000025e+00 3.549375471624782730e-02
2.846999999999999975e+00 3.507884498279955493e-02
2.853499999999999925e+00 3.466835700044940821e-02
2.859999999999999876e+00 3.426229723526889870e-02
2.866499999999999826e+00 3.386067200506777397e-02
2.872999999999999776e+00 3.346348741565846607e-02
2.879499999999999726e+00 3.307074929712058853e-02
2.885999999999999677e+00 3.268246314006543335e-02
2.892500000000000071e+00 3.229863403190041254e-02
2.899000000000000021e+00 3.191926659309356207e-02
2.905499999999999972e+00 3.154436491343802496e-02
2.911999999999999922e+00 3.117393248831650324e-02
2.918499999999999872e+00 3.080797215496577229e-02
2.924999999999999822e+00 3.044648602874114318e-02
2.931499999999999773e+00 3.008947543938094230e-02
2.937999999999999723e+00 2.973694086727098410e-02
2.944499999999999673e+00 2.938888187970907159e-02
2.951000000000000068e+00 2.904529706716946560e-02
2.957500000000000018e+00 2.870618397956734708e-02
2.963999999999999968e+00 2.837153906252332450e-02
2.970499999999999918e+00 2.804135759362789623e-02
2.976999999999999869e+00 2.771563361870593711e-02
2.983499999999999819e+00 2.739435988808117117e-02
2.989999999999999769e+00 2.707752779284066519e-02
2.996499999999999719e+00 2.676512730109929794e-02
3.002999999999999670e+00 2.645714689426422947e-02
3.009500000000000064e+00 2.615357350329940850e-02
3.016000000000000014e+00 2.585439244499001740e-02
3.022499999999999964e+00 2.555958735820699351e-02
3.028999999999999915e+00 2.526914014017146021e-02
3.035499999999999865e+00 2.498303088271925862e-02
3.041999999999999815e+00 2.470123780861231341e-02
3.048499999999999766e+00 2.442373721619404275e-02
3.054999999999999716e+00 2.415050347769078301e-02
3.061499999999999666e+00 2.388150908697165772e-02
3.068000000000000060e+00 2.361672471360872633e-02
3.074500000000000011e+00 2.335611925695642299e-02
3.080999999999999961e+00 2.309965990023098506e-02
3.087499999999999911e+00 2.284731216458987454e-02
3.093999999999999861e+00 2.259903996321121350e-02
3.100499999999999812e+00 2.235480565537322634e-02
3.106999999999999762e+00 2.211457010053364050e-02
3.113499999999999712e+00 2.187829271240915308e-02
3.119999999999999662e+00 2.164593151305483493e-02
3.126500000000000057e+00 2.141744318694356608e-02
3.133000000000000007e+00 2.119278313504547456e-02
3.139499999999999957e+00 2.097190552890735443e-02
3.145999999999999908e+00 2.075476336473211156e-02
3.152499999999999858e+00 2.054130851745818165e-02
3.158999999999999808e+00 2.033149179483895175e-02
3.165499999999999758e+00 2.012526299152222337e-02
3.171999999999999709e+00 1.992257094312960969e-02
3.178499999999999659e+00 1.972336358033597095e-02
3.185000000000000053e+00 1.952758798294886716e-02
3.191500000000000004e+00 1.933519043398796572e-02
3.197999999999999954e+00 1.914611647376447678e-02
3.204499999999999904e+00 1.896031095396058519e-02
3.210999999999999854e+00 1.877771809170888234e-02
3.217499999999999805e+00 1.859828152367180160e-02
3.223999999999999755e+00 1.842194436012102934e-02
3.230499999999999705e+00 1.824864923901695773e-02
3.236999999999999655e+00 1.807833838008810270e-02
3.243500000000000050e+00 1.791095363891053241e-02
3.250000000000000000e+00 1.774643656098730607e-02
3.256499999999999950e+00 1.758472843582789893e-02
3.262999999999999901e+00 1.742577035102763072e-02
3.269499999999999851e+00 1.726950324634710099e-02
3.275999999999999801e+00 1.711586796779161757e-02
3.282499999999999751e+00 1.696480532169062500e-02
3.288999999999999702e+00 1.681625612877713644e-02
3.295499999999999652e+00 1.667016127826715863e-02
3.302000000000000046e+00 1.652646178193913767e-02
3.308499999999999996e+00 1.638509882821335972e-02
3.314999999999999947e+00 1.624601383623142103e-02
3.321499999999999897e+00 1.610914850993562519e-02
3.327999999999999847e+00 1.597444489214842542e-02
3.334499999999999797e+00 1.584184541865185647e-02
3.340999999999999748e+00 1.571129297226697002e-02
3.347499999999999698e+00 1.558273093693324229e-02
3.353999999999999648e+00 1.545610325178803195e-02
3.360500000000000043e+00 1.533135446524599467e-02
3.366999999999999993e+00 1.520842978907852028e-02
3.373499999999999943e+00 1.508727515249315074e-02
3.379999999999999893e+00 1.496783725621303116e-02
3.386499999999999844e+00 1.485006362655631740e-02
3.392999999999999794e+00 1.473390266951562534e-02
3.399499999999999744e+00 1.461930372483744717e-02
3.405999999999999694e+00 1.450621712010159020e-02
3.412499999999999645e+00 1.439459422480060535e-02
3.419000000000000039e+00 1.428438750441921382e-02
3.425499999999999989e+00 1.417555057450953747e-02
3.431999999999999940e+00 1.406803825194610780e-02
3.438499999999999890e+00 1.396180657929388912e-02
3.444999999999999840e+00 1.385681281522655600e-02
3.451499999999999790e+00 1.375301541862625210e-02
3.457999999999999741e+00 1.365037403262670847e-02
3.464499999999999691e+00 1.354884946865634633e-02
3.470999999999999641e+00 1.344840369048139889e-02
3.477500000000000036e+00 1.334899979824901405e-02
3.483999999999999986e+00 1.325060201253036932e-02
3.490499999999999936e+00 1.315317565836378669e-02
3.496999999999999886e+00 1.305668714929783189e-02
3.503499999999999837e+00 1.296110397143444490e-02
3.509999999999999787e+00 1.286639466747202878e-02
3.516499999999999737e+00 1.277252882074858369e-02
3.522999999999999687e+00 1.267947703928479740e-02
3.529499999999999638e+00 1.258721093982717240e-02
3.536000000000000032e+00 1.249570313189113033e-02
3.542499999999999982e+00 1.240492720180412338e-02
3.548999999999999932e+00 1.231485769674874574e-02
3.555499999999999883e+00 1.222547010880584498e-02
3.561999999999999833e+00 1.213674085899763867e-02
3.568499999999999783e+00 1.204864728133081542e-02
3.574999999999999734e+00 1.196116760683965663e-02
3.581499999999999684e+00 1.187428094762914103e-02
3.587999999999999634e+00 1.178796728091805607e-02
3.594500000000000028e+00 1.170220743308211450e-02
3.600999999999999979e+00 1.161698306369706064e-02
3.607499999999999929e+00 1.153227664958178522e-02
3.613999999999999879e+00 1.144807146884143506e-02
3.620499999999999829e+00 1.136435158491052276e-02
3.626999999999999780e+00 1.128110183059604157e-02
3.633499999999999730e+00 1.119830779212057162e-02
3.639999999999999680e+00 1.111595579316539996e-02
3.646499999999999631e+00 1.103403287891362161e-02
3.653000000000000025e+00 1.095252680009325963e-02
3.659499999999999975e+00 1.087142599702036784e-02
3.665999999999999925e+00 1.079071958364215267e-02
3.672499999999999876e+00 1.071039733158007413e-02
3.678999999999999826e+00 1.063044965417296421e-02
3.685499999999999776e+00 1.055086759052013649e-02
3.691999999999999726e+00 1.047164278952449415e-02
3.698499999999999677e+00 1.039276749393564479e-02
3.704999999999999627e+00 1.031423452439301364e-02
3.711500000000000021e+00 1.023603726346894796e-02
3.717999999999999972e+00 1.015816963971183547e-02
3.724499999999999922e+00 1.008062611168921395e-02
3.730999999999999872e+00 1.000340165203087925e-02
3.737499999999999822e+00 9.926491731471996649e-03
3.743999999999999773e+00 9.849892302896220975e-03
3.750499999999999723e+00 9.773599785378794119e-03
3.756999999999999673e+00 9.697611048229672071e-03
3.763499999999999623e+00 9.621923395036618976e-03
3.770000000000000018e+00 9.546534547708330695e-03
3.776499999999999968e+00 9.471442630517544481e-03
3.782999999999999918e+00 9.396646154144150387e-03
3.789499999999999869e+00 9.322143999718295743e-03
3.795999999999999819e+00 9.247935402863505239e-03
3.802499999999999769e+00 9.174019937739785399e-03
3.808999999999999719e+00 9.100397501086753341e-03
3.815499999999999670e+00 9.027068296350537063e-03
3.821999999999999620e+00 8.954032819040461111e-03
3.828500000000000014e+00 8.881291844218881792e-03
3.834999999999999964e+00 8.808846414557071347e-03
3.841499999999999915e+00 8.736697828402025662e-03
3.847999999999999865e+00 8.664847627843266786e-03
3.854499999999999815e+00 8.593297586779635039e-03
3.860999999999999766e+00 8.522049698986103664e-03
3.867499999999999716e+00 8.451106166180565732e-03
3.873999999999999666e+00 8.380469386090647066e-03
3.880499999999999616e+00 8.310141940520498344e-03
3.887000000000000011e+00 8.240126583417602818e-03
3.893499999999999961e+00 8.170426228939577096e-03
3.899999999999999911e+00 8.101043939520961509e-03
3.906499999999999861e+00 8.031982913940039978e-03
3.912999999999999812e+00 7.963246475385623441e-03
3.919499999999999762e+00 7.894838059523859308e-03
3.925999999999999712e+00 7.826761202565035713e-03
3.932499999999999662e+00 7.759019529330375350e-03
3.938999999999999613e+00 7.691616741318837991e-03
3.945500000000000007e+00 7.624556604773928201e-03
3.951999999999999957e+00 7.557842938750486579e-03
3.958499999999999908e+00 7.491479603181499212e-03
3.964999999999999858e+00 7.425470486944894116e-03
3.971499999999999808e+00 7.359819495930343750e-03
3.977999999999999758e+00 7.294530541106064928e-03
3.984499999999999709e+00 7.229607526585623938e-03
3.990999999999999659e+00 7.165054337694732114e-03
3.997499999999999609e+00 7.100874829038050090e-03
4.003999999999999559e+00 7.037072812565989439e-03
4.010499999999999510e+00 6.973652045641511726e-03
4.016999999999999460e+00 6.910616219106930150e-03
4.023499999999999410e+00 6.847968945350713793e-03
4.030000000000000249e+00 6.785713746374282332e-03
4.036500000000000199e+00 6.723854041858812886e-03
4.043000000000000149e+00 6.662393137232039061e-03
4.049500000000000099e+00 6.601334211735052603e-03
4.056000000000000050e+00 6.540680306489103299e-03
4.062500000000000000e+00 6.480434312562399768e-03
4.068999999999999950e+00 6.420598959036913703e-03
4.075499999999999901e+00 6.361176801075178050e-03
4.081999999999999851e+00 6.302170207987087790e-03
4.088499999999999801e+00 6.243581351296703316e-03
4.094999999999999751e+00 6.185412192809051218e-03
4.101499999999999702e+00 6.127664472676923324e-03
4.107999999999999652e+00 6.070339697467679214e-03
4.114499999999999602e+00 6.013439128230047871e-03
4.120999999999999552e+00 5.956963768560926721e-03
4.127499999999999503e+00 5.900914352672186752e-03
4.133999999999999453e+00 5.845291333457468957e-03
4.140499999999999403e+00 5.790094870558986848e-03
4.147000000000000242e+00 5.735324818434328967e-03
4.153500000000000192e+00 5.680980714423262273e-03
4.160000000000000142e+00 5.627061766814524246e-03
4.166500000000000092e+00 5.573566842912635808e-03
4.173000000000000043e+00 5.520494457104693428e-03
4.179499999999999993e+00 5.467842758927173377e-03
4.185999999999999943e+00 5.415609521132734236e-03
4.192499999999999893e+00 5.363792127757014208e-03
4.198999999999999844e+00 5.312387562455640234e-03
4.205499999999999794e+00 5.261392403262899788e-03
4.211999999999999744e+00 5.210802832752282551e-03
4.218499999999999694e+00 5.160614653927971668e-03
4.224999999999999645e+00 5.110823306317313110e-03
4.231499999999999595e+00 5.061423882063288519e-03
4.237999999999999545e+00 5.012411142016991519e-03
4.244499999999999496e+00 4.963779531830095348e-03
4.250999999999999446e+00 4.915523198047329172e-03
4.257499999999999396e+00 4.867636004198948318e-03
4.264000000000000234e+00 4.820111546893209725e-03
4.270500000000000185e+00 4.772943171908841306e-03
4.277000000000000135e+00 4.726123990287516528e-03
4.283500000000000085e+00 4.679646894426327253e-03
4.290000000000000036e+00 4.633504574170254839e-03
4.296499999999999986e+00 4.587689532904643853e-03
4.302999999999999936e+00 4.542194103647675778e-03
4.309499999999999886e+00 4.497010465142839246e-03
4.315999999999999837e+00 4.452130657951404620e-03
4.322499999999999787e+00 4.407546600544895964e-03
4.328999999999999737e+00 4.363250105397562147e-03
4.335499999999999687e+00 4.319232895078852288e-03
4.341999999999999638e+00 4.275486618345887731e-03
4.348499999999999588e+00 4.232002866235932276e-03
4.354999999999999538e+00 4.188773188158868496e-03
4.361499999999999488e+00 4.145789107989666239e-03
4.367999999999999439e+00 4.103042140160859802e-03
4.374499999999999389e+00 4.060523805755015571e-03
4.381000000000000227e+00 4.018225648597210063e-03
4.387500000000000178e+00 3.976139251347497565e-03
4.394000000000000128e+00 3.934256251593387307e-03
4.400500000000000078e+00 3.892568357942311971e-03
4.407000000000000028e+00 3.851067366114103128e-03
4.413499999999999979e+00 3.809745175033462349e-03
4.419999999999999929e+00 3.768593802922434038e-03
4.426499999999999879e+00 3.727605403392880885e-03
4.432999999999999829e+00 3.686772281538951059e-03
4.439499999999999780e+00 3.646086910029555823e-03
4.445999999999999730e+00 3.605541945200839773e-03
4.452499999999999680e+00 3.565130243148652810e-03
4.458999999999999631e+00 3.524844875821025146e-03
4.465499999999999581e+00 3.484679147110639717e-03
4.471999999999999531e+00 3.444626608947301549e-03
4.478499999999999481e+00 3.404681077390413202e-03
4.484999999999999432e+00 3.364836648721448043e-03
4.491499999999999382e+00 3.325087715536420921e-03
4.498000000000000220e+00 3.285428982838361437e-03
4.504500000000000171e+00 3.245855484129786788e-03
4.511000000000000121e+00 3.206362597505174605e-03
4.517500000000000071e+00 3.166946061743435362e-03
4.524000000000000021e+00 3.127601992400384345e-03
4.530499999999999972e+00 3.088326897901216665e-03
4.536999999999999922e+00 3.049117695632976195e-03
4.543499999999999872e+00 3.009971728037030576e-03
4.549999999999999822e+00 2.970886778701544492e-03
4.556499999999999773e+00 2.931861088453950777e-03
4.562999999999999723e+00 2.892893371453422822e-03
4.569499999999999673e+00 2.853982831283349147e-03
4.575999999999999623e+00 2.815129177043803645e-03
4.582499999999999574e+00 2.776332639314849169e-03
4.588999999999999524e+00 2.737593980743435219e-03
4.595499999999999474e+00 2.698914488627214819e-03
4.601999999999999424e+00 2.660295958208347324e-03
4.608499999999999375e+00 2.621740675427749762e-03
4.615000000000000213e+00 2.583251399679330380e-03
4.621500000000000163e+00 2.544831346564223069e-03
4.628000000000000114e+00 2.506484170645019178e-03
4.634500000000000064e+00 2.468213948200003241e-03
4.641000000000000014e+00 2.430025159977384792e-03
4.647499999999999964e+00 2.391922673949534953e-03
4.653999999999999915e+00 2.353911728067216522e-03
4.660499999999999865e+00 2.315997913013820124e-03
4.666999999999999815e+00 2.278187154959597331e-03
4.673499999999999766e+00 2.240485698315894218e-03
4.679999999999999716e+00 2.202900088489385781e-03
4.686499999999999666e+00 2.165437154636308190e-03
4.692999999999999616e+00 2.128103992416693641e-03
4.699499999999999567e+00 2.090907946748604349e-03
4.705999999999999517e+00 2.053856594562364791e-03
4.712499999999999467e+00 2.016957727554797002e-03
4.718999999999999417e+00 1.980219334943453691e-03
4.725499999999999368e+00 1.943649586220851577e-03
4.732000000000000206e+00 1.907256813908705375e-03
4.738500000000000156e+00 1.871049496312162004e-03
4.745000000000000107e+00 1.835036240274033267e-03
4.751500000000000057e+00 1.799225763929030927e-03
4.758000000000000007e+00 1.763626879457998739e-03
4.764499999999999957e+00 1.728248475842147957e-03
4.770999999999999908e+00 1.693099501617289582e-03
4.777499999999999858e+00 1.658188947628069006e-03
4.783999999999999808e+00 1.623525829782199344e-03
4.790499999999999758e+00 1.589119171804694768e-03
4.796999999999999709e+00 1.554977987992105367e-03
4.803499999999999659e+00 1.521111265966749613e-03
4.809999999999999609e+00 1.487527949430948997e-03
4.816499999999999559e+00 1.454236920921260718e-03
4.822999999999999510e+00 1.421246984562712966e-03
4.829499999999999460e+00 1.388566848823036964e-03
4.835999999999999410e+00 1.356205109266901817e-03
4.842499999999999361e+00 1.324170231310147416e-03
4.849000000000000199e+00 1.292470532974019076e-03
4.855500000000000149e+00 1.261114167639400653e-03
4.862000000000000099e+00 1.230109106801048104e-03
4.868500000000000050e+00 1.199463122821823680e-03
4.875000000000000000e+00 1.169183771686929055e-03
4.881499999999999950e+00 1.139278375758139743e-03
4.887999999999999901e+00 1.109754006528038866e-03
4.894499999999999851e+00 1.080617467374249624e-03
4.900999999999999801e+00 1.051875276313670154e-03
4.907499999999999751e+00 1.023533648756707508e-03
4.913999999999999702e+00 9.955984802615101305e-04
4.920499999999999652e+00 9.680753292882020560e-04
4.926999999999999602e+00 9.409693999531179836e-04
4.933499999999999552e+00 9.142855247830348770e-04
4.939999999999999503e+00 8.880281474694063856e-04
4.946499999999999453e+00 8.622013056225979154e-04
4.952999999999999403e+00 8.368086135261184472e-04
4.959499999999999353e+00 8.118532448908549574e-04
4.966000000000000192e+00 7.873379156461945408e-04
4.972500000000000142e+00 7.632648698120629138e-04
4.979000000000000092e+00 7.396358799846280150e-04
4.985500000000000043e+00 7.164522582007810860e-04
4.991999999999999993e+00 6.937148677452126050e-04
4.998499999999999943e+00 6.714241349582223328e-04
5.004999999999999893e+00 6.495800610435295769e-04
5.011499999999999844e+00 6.281822338760832377e-04
5.017999999999999794e+00 6.072298398098719633e-04
5.024499999999999744e+00 5.867216754857345219e-04
5.030999999999999694e+00 5.666561596391693056e-04
5.037499999999999645e+00 5.470313449081451364e-04
5.043999999999999595e+00 5.278449296409110959e-04
5.050499999999999545e+00 5.090942697038064631e-04
5.056999999999999496e+00 4.907763902890709780e-04
5.063499999999999446e+00 4.728879977226554303e-04
5.069999999999999396e+00 4.554254912720308930e-04
5.076499999999999346e+00 4.383849749539996902e-04
5.083000000000000185e+00 4.217622693425048474e-04
5.089500000000000135e+00 4.055529233764407888e-04
5.096000000000000085e+00 3.897522261674630042e-04
5.102500000000000036e+00 3.743552188077985295e-04
5.108999999999999986e+00 3.593567061780556676e-04
5.115499999999999936e+00 3.447512687550346316e-04
5.121999999999999886e+00 3.305332744195372662e-04
5.128499999999999837e+00 3.166968902641772565e-04
5.134999999999999787e+00 3.032360944011903373e-04
5.141499999999999737e+00 2.901446877702445028e-04
5.147999999999999687e+00 2.774163059462496188e-04
5.154499999999999638e+00 2.650444309471685538e-04
5.160999999999999588e+00 2.530224030418260330e-04
5.167499999999999538e+00 2.413434325577197689e-04
5.173999999999999488e+00 2.300006116888303996e-04
5.180499999999999439e+00 2.189869263034308847e-04
5.186999999999999389e+00 2.082952677518977447e-04
5.193499999999999339e+00 1.979184446745203482e-04
5.200000000000000178e+00 1.878491948093112844e-04
5.206500000000000128e+00 1.780801967998167342e-04
5.213000000000000078e+00 1.686040820029264089e-04
5.219500000000000028e+00 1.594134462966831627e-04
5.225999999999999979e+00 1.505008618880943408e-04
5.232499999999999929e+00 1.418588891209404158e-04
5.238999999999999879e+00 1.334800882835863360e-04
5.245499999999999829e+00 1.253570314167914632e-04
5.251999999999999780e+00 1.174823141215185348e-04
5.258499999999999730e+00 1.098485673667455543e-04
5.264999999999999680e+00 1.024484692972743192e-04
5.271499999999999631e+00 9.527475704154166058e-05
5.277999999999999581e+00 8.832023851942916431e-05
5.284499999999999531e+00 8.157780425007321763e-05
5.290999999999999481e+00 7.504043915967527258e-05
5.297499999999999432e+00 6.870123438931145885e-05
5.303999999999999382e+00 6.255339910274414824e-05
5.310499999999999332e+00 5.659027229423004967e-05
5.317000000000000171e+00 5.080533459633209889e-05
5.323500000000000121e+00 4.519222008772831242e-05
5.330000000000000071e+00 3.974472810102291833e-05
5.336500000000000021e+00 3.445683503055575227e-05
5.342999999999999972e+00 2.932270614021273772e-05
5.349499999999999922e+00 2.433670736639294716e-05
5.355999999999999872e+00 1.949341608157584497e-05
5.362499999999999822e+00 1.478762472180854788e-05
5.368999999999999773e+00 1.021433746881635399e-05
5.375499999999999723e+00 5.768765985617490725e-06
5.381999999999999673e+00 1.446325148534835433e-06
5.388499999999999623e+00 -2.757371220792364017e-06
5.394999999999999574e+00 -6.846514623396788993e-06
5.401499999999999524e+00 -1.082510615097131935e-05
5.407999999999999474e+00 -1.469696075385732640e-05
5.414499999999999424e+00 -1.846571150903295234e-05
5.420999999999999375e+00 -2.213481388810142013e-05
5.427499999999999325e+00 -2.570755002527925196e-05
5.434000000000000163e+00 -2.918703298538466385e-05
5.440500000000000114e+00 -3.257621103182572987e-05
5.447000000000000064e+00 -3.587787189458874963e-05
5.453500000000000014e+00 -3.909464703822650741e-05
5.459999999999999964e+00 -4.222901592984655832e-05
5.466499999999999915e+00 -4.528331030709948062e-05
5.472999999999999865e+00 -4.825971844616725002e-05
5.479499999999999815e+00 -5.116028942975143774e-05
5.485999999999999766e+00 -5.398693741506147643e-05
5.492499999999999716e+00 -5.674144590180307509e-05
5.498999999999999666e+00 -5.942547200016637648e-05
5.505499999999999616e+00 -6.204055069881430436e-05
5.511999999999999567e+00 -6.458809913287081575e-05
5.518499999999999517e+00 -6.706942085190919394e-05
5.524999999999999467e+00 -6.948571008794039564e-05
5.531499999999999417e+00 -7.183805602340119490e-05
5.537999999999999368e+00 -7.412744705914261155e-05
5.544499999999999318e+00 -7.635477508241816360e-05
5.551000000000000156e+00 -7.852083973487206526e-05
5.557500000000000107e+00 -8.062635268052760127e-05
5.564000000000000057e+00 -8.267194187377537918e-05
5.570500000000000007e+00 -8.465815582736166303e-05
5.576999999999999957e+00 -8.658546788037655784e-05
5.583499999999999908e+00 -8.845428046624234327e-05
5.589999999999999858e+00 -9.026492938070184791e-05
5.596499999999999808e+00 -9.201768804980659314e-05
5.602999999999999758e+00 -9.371277179790511323e-05
5.609499999999999709e+00 -9.535034211563134319e-05
5.615999999999999659e+00 -9.693051092789276262e-05
5.622499999999999609e+00 -9.845334486185875649e-05
5.628999999999999559e+00 -9.991886951494890806e-05
5.635499999999999510e+00 -1.013270737228212512e-04
5.641999999999999460e+00 -1.026779138273605771e-04
5.648499999999999410e+00 -1.039713179446666861e-04
5.654999999999999361e+00 -1.052071902330427490e-04
5.661499999999999311e+00 -1.063854151609834234e-04
5.668000000000000149e+00 -1.075058617751634588e-04
5.674500000000000099e+00 -1.085683879684255147e-04
5.681000000000000050e+00 -1.095728447477689285e-04
5.687500000000000000e+00 -1.105190805023376419e-04
5.693999999999999950e+00 -1.114069452714087520e-04
5.700499999999999901e+00 -1.122362950123804922e-04
5.706999999999999851e+00 -1.130069958687608640e-04
5.713499999999999801e+00 -1.137189284381556726e-04
5.719999999999999751e+00 -1.143719920402569418e-04
5.726499999999999702e+00 -1.149661089848310307e-04
5.732999999999999652e+00 -1.155012288395352026e-04
5.739499999999999602e+00 -1.159773325408780444e-04
5.745999999999999552e+00 -1.163944348990210626e-04
5.752499999999999503e+00 -1.167525849610800590e-04
5.758999999999999453e+00 -1.170518659500849280e-04
5.765499999999999403e+00 -1.172923951995255310e-04
5.771999999999999353e+00 -1.174743240878976255e-04
5.778499999999999304e+00 -1.175978379732486580e-04
5.785000000000000142e+00 -1.176631561277236660e-04
5.791500000000000092e+00 -1.176705316721111526e-04
5.798000000000000043e+00 -1.176202515103889201e-04
5.804499999999999993e+00 -1.175126362642700127e-04
5.810999999999999943e+00 -1.173480402077484554e-04
5.817499999999999893e+00 -1.171268512016452641e-04
5.823999999999999844e+00 -1.168494906281542254e-04
5.830499999999999794e+00 -1.165164133253877577e-04
5.836999999999999744e+00 -1.161281075219228670e-04
5.843499999999999694e+00 -1.156850947713468857e-04
5.849999999999999645e+00 -1.151879298868034563e-04
5.856499999999999595e+00 -1.146372008755383511e-04
5.862999999999999545e+00 -1.140335288734452930e-04
5.869499999999999496e+00 -1.133775680796119382e-04
5.875999999999999446e+00 -1.126700056908656021e-04
5.882499999999999396e+00 -1.119115618363192689e-04
5.888999999999999346e+00 -1.111029895119173449e-04
5.895499999999999297e+00 -1.102450745149815729e-04
5.902000000000000135e+00 -1.093386353787569211e-04
5.908500000000000085e+00 -1.083845233069574167e-04
5.915000000000000036e+00 -1.073836221083120205e-04
5.921499999999999986e+00 -1.063368481311104878e-04
5.927999999999999936e+00 -1.052451501977492841e-04
5.934499999999999886e+00 -1.041095095392773642e-04
5.940999999999999837e+00 -1.029309397299421153e-04
5.947499999999999787e+00 -1.017104866217352307e-04
5.953999999999999737e+00 -1.004492282789384768e-04
5.960499999999999687e+00 -9.914827491266966207e-05
5.966999999999999638e+00 -9.780876881542851175e-05
5.973499999999999588e+00 -9.643188429564244764e-05
5.979999999999999538e+00 -9.501882761221250328e-05
5.986499999999999488e+00 -9.357083690905921214e-05
5.992999999999999439e+00 -9.208918214966844149e-05
5.999499999999999389e+00 -9.057516505163729417e-05
6.005999999999999339e+00 -8.903011902121991538e-05
6.012499999999999289e+00 -8.745540908787344855e-05
6.019000000000000128e+00 -8.585243183880381513e-05
6.025500000000000078e+00 -8.422261535351164338e-05
6.032000000000000028e+00 -8.256741913833810223e-05
6.038499999999999979e+00 -8.088833406101074886e-05
6.044999999999999929e+00 -7.918688228518953875e-05
6.051499999999999879e+00 -7.746461720501244283e-05
6.057999999999999829e+00 -7.572312337964152529e-05
6.064499999999999780e+00 -7.396401646780873689e-05
6.070999999999999730e+00 -7.218894316236180314e-05
6.077499999999999680e+00 -7.039958112480999039e-05
6.083999999999999631e+00 -6.859763891987018377e-05
6.090499999999999581e+00 -6.678485595001249072e-05
6.096999999999999531e+00 -6.496300239000635951e-05
6.103499999999999481e+00 -6.313387912146629119e-05
6.109999999999999432e+00 -6.129931766739771422e-05
6.116499999999999382e+00 -5.946118012673714664e-05
6.122999999999999332e+00 -5.762135902282081396e-05
6.129499999999999282e+00 -5.578177578458731354e-05
6.136000000000000121e+00 -5.394437672128196064e-05
6.142500000000000071e+00 -5.211112829138976908e-05
6.149000000000000021e+00 -5.028401235635076010e-05
6.155499999999999972e+00 -4.846502143427523719e-05
6.161999999999999922e+00 -4.665615395365910168e-05
6.168499999999999872e+00 -4.485940950709912760e-05
6.174999999999999822e+00 -4.307678410500825693e-05
6.181499999999999773e+00 -4.131026542933092193e-05
6.187999999999999723e+00 -3.956182808725829288e-05
6.194499999999999673e+00 -3.783342886494360047e-05
6.200999999999999623e+00 -3.612700198121743776e-05
6.207499999999999574e+00 -3.444445434130302832e-05
6.213999999999999524e+00 -3.278766079053154175e-05
6.220499999999999474e+00 -3.115845936805736183e-05
6.226999999999999424e+00 -2.955864656057342576e-05
6.233499999999999375e+00 -2.798997255602646181e-05
6.239999999999999325e+00 -2.645413649733233195e-05
6.246499999999999275e+00 -2.495278173609129322e-05
6.253000000000000114e+00 -2.348749108630330309e-05
6.259500000000000064e+00 -2.205978207808332486e-05
6.266000000000000014e+00 -2.067110221137659576e-05
6.272499999999999964e+00 -1.932282420967393577e-05
6.278999999999999915e+00 -1.801624127372706310e-05
6.285499999999999865e+00 -1.675256233526383528e-05
6.291999999999999815e+00 -1.553290731070360530e-05
6.298499999999999766e+00 -1.435830235487245589e-05
6.304999999999999716e+00 -1.322967511471852183e-05
6.311499999999999666e+00 -1.214784998302733261e-05
6.317999999999999616e+00 -1.111354335213698567e-05
6.324499999999999567e+00 -1.012735886765356362e-05
6.330999999999999517e+00 -9.189782682166354889e-06
6.337499999999999467e+00 -8.301178708963169298e-06
6.343999999999999417e+00 -7.461783875745646834e-06
6.350499999999999368e+00 -6.671703378344512206e-06
6.356999999999999318e+00 -5.930905934434924282e-06
6.363499999999999268e+00 -5.239219037251696773e-06
6.370000000000000107e+00 -4.596324209304688321e-06
6.376500000000000057e+00 -4.001752256093989298e-06
6.383000000000000007e+00 -3.454878519825305128e-06
6.389499999999999957e+00 -2.954918133125204066e-06
6.395999999999999908e+00 -2.500921272756405649e-06
6.402499999999999858e+00 -2.091768413333109798e-06
6.408999999999999808e+00 -1.726165581036258161e-06
6.415499999999999758e+00 -1.402639607328836106e-06
6.421999999999999709e+00 -1.119533382671208607e-06
6.428499999999999659e+00 -8.750011102363273703e-07
6.434999999999999609e+00 -6.670035596250870448e-07
6.441499999999999559e+00 -4.933033205816272199e-07
6.447999999999999510e+00 -3.514600567085869902e-07
6.454499999999999460e+00 -2.388257591824205061e-07
6.460999999999999410e+00 -1.525400004686786439e-07
6.467499999999999361e+00 -8.952518803734488490e-08
6.473999999999999311e+00 -4.648181807803567021e-08
6.480499999999999261e+00 -1.988372921540404285e-08
6.487000000000000099e+00 -5.973356224387436127e-09
6.493500000000000050e+00 -7.569837454690143443e-10
6.500000000000000000e+00 0.000000000000000000e+00
