0.000000000000000000e+00 -8.956477350742816368e-01
1.000000000000000021e-03 -9.372959734200074777e-01
2.000000000000000042e-03 -9.787043946582464349e-01
3.000000000000000062e-03 -1.019873026023805584e+00
4.000000000000000083e-03 -1.060801912743482012e+00
5.000000000000000104e-03 -1.101491117895022631e+00
6.000000000000000125e-03 -1.141940722266082453e+00
7.000000000000000146e-03 -1.182150824213184626e+00
8.000000000000000167e-03 -1.222121539520679256e+00
9.000000000000001055e-03 -1.261853001259702012e+00
1.000000000000000021e-02 -1.301345359647134714e+00
1.099999999999999936e-02 -1.340598781904562609e+00
1.200000000000000025e-02 -1.379613452117235184e+00
1.300000000000000114e-02 -1.418389571093024104e+00
1.400000000000000029e-02 -1.456927356221383141e+00
1.499999999999999944e-02 -1.495227041332306994e+00
1.600000000000000033e-02 -1.533288876555290781e+00
1.700000000000000122e-02 -1.571113128178288632e+00
1.800000000000000211e-02 -1.608700078506673181e+00
1.899999999999999953e-02 -1.646050025722194832e+00
2.000000000000000042e-02 -1.683163283741940575e+00
2.100000000000000130e-02 -1.720040182077293256e+00
2.199999999999999872e-02 -1.756681065692891952e+00
2.299999999999999961e-02 -1.793086294865587682e+00
2.400000000000000050e-02 -1.829256245043407114e+00
2.500000000000000139e-02 -1.865191306704508278e+00
2.600000000000000228e-02 -1.900891885216141386e+00
2.699999999999999969e-02 -1.936358400693606985e+00
2.800000000000000058e-02 -1.971591287859216557e+00
2.900000000000000147e-02 -2.006590995901250007e+00
2.999999999999999889e-02 -2.041357988332915152e+00
3.099999999999999978e-02 -2.075892742851308981e+00
3.200000000000000067e-02 -2.110195751196373148e+00
3.300000000000000155e-02 -2.144267519009856127e+00
3.400000000000000244e-02 -2.178108565694271803e+00
3.500000000000000333e-02 -2.211719424271857193e+00
3.600000000000000422e-02 -2.245100641243532813e+00
3.699999999999999817e-02 -2.278252776447862615e+00
3.799999999999999906e-02 -2.311176402920009920e+00
3.899999999999999994e-02 -2.343872106750701345e+00
4.000000000000000083e-02 -2.376340486945181407e+00
4.100000000000000172e-02 -2.408582155282174675e+00
4.200000000000000261e-02 -2.440597736172843479e+00
4.300000000000000350e-02 -2.472387866519747845e+00
4.399999999999999745e-02 -2.503953195575804092e+00
4.499999999999999833e-02 -2.535294384803244760e+00
4.599999999999999922e-02 -2.566412107732575887e+00
4.700000000000000011e-02 -2.597307049821538705e+00
4.800000000000000100e-02 -2.627979908314066471e+00
4.900000000000000189e-02 -2.658431392099246615e+00
5.000000000000000278e-02 -2.688662221570275790e+00
5.100000000000000366e-02 -2.718673128483422463e+00
5.200000000000000455e-02 -2.748464855816985075e+00
5.299999999999999850e-02 -2.778038157630249305e+00
5.399999999999999939e-02 -2.807393798922451111e+00
5.500000000000000028e-02 -2.836532555491732666e+00
5.600000000000000117e-02 -2.865455213794101397e+00
5.700000000000000205e-02 -2.894162570802392587e+00
5.800000000000000294e-02 -2.922655433865224417e+00
5.900000000000000383e-02 -2.950934620565959232e+00
5.999999999999999778e-02 -2.979000958581662140e+00
6.099999999999999867e-02 -3.006855285542061385e+00
6.199999999999999956e-02 -3.034498448888506061e+00
6.300000000000000044e-02 -3.061931305732925157e+00
6.400000000000000133e-02 -3.089154722716787482e+00
6.500000000000000222e-02 -3.116169575870061159e+00
6.600000000000000311e-02 -3.142976750470172220e+00
6.700000000000000400e-02 -3.169577140900962320e+00
6.800000000000000488e-02 -3.195971650511651330e+00
6.900000000000000577e-02 -3.222161191475792830e+00
7.000000000000000666e-02 -3.248146684650236704e+00
7.100000000000000755e-02 -3.273929059434084188e+00
7.200000000000000844e-02 -3.299509253627652239e+00
7.299999999999999545e-02 -3.324888213291426808e+00
7.399999999999999634e-02 -3.350066892605026769e+00
7.499999999999999722e-02 -3.375046253726162071e+00
7.599999999999999811e-02 -3.399827266649589674e+00
7.699999999999999900e-02 -3.424410909066077480e+00
7.799999999999999989e-02 -3.448798166221359818e+00
7.900000000000000078e-02 -3.472990030775098713e+00
8.000000000000000167e-02 -3.496987502659840708e+00
8.100000000000000255e-02 -3.520791588939980343e+00
8.200000000000000344e-02 -3.544403303670714767e+00
8.300000000000000433e-02 -3.567823667757003658e+00
8.400000000000000522e-02 -3.591053708812532275e+00
8.500000000000000611e-02 -3.614094461018664717e+00
8.600000000000000699e-02 -3.636946964983408304e+00
8.700000000000000788e-02 -3.659612267600369506e+00
8.799999999999999489e-02 -3.682091421907714768e+00
8.899999999999999578e-02 -3.704385486947127770e+00
8.999999999999999667e-02 -3.726495527622771586e+00
9.099999999999999756e-02 -3.748422614560244170e+00
9.199999999999999845e-02 -3.770167823965541398e+00
9.299999999999999933e-02 -3.791732237484012114e+00
9.400000000000000022e-02 -3.813116942059321612e+00
9.500000000000000111e-02 -3.834323029792407134e+00
9.600000000000000200e-02 -3.855351597800439123e+00
9.700000000000000289e-02 -3.876203748075779387e+00
9.800000000000000377e-02 -3.896880587344940139e+00
9.900000000000000466e-02 -3.917383226927545259e+00
1.000000000000000056e-01 -3.937712782595286232e+00
1.010000000000000064e-01 -3.957870374430883409e+00
1.020000000000000073e-01 -3.977857126687044609e+00
1.030000000000000082e-01 -3.997674167645425047e+00
1.040000000000000091e-01 -4.017322629475583717e+00
1.049999999999999961e-01 -4.036803648093947317e+00
1.059999999999999970e-01 -4.056118363022765294e+00
1.069999999999999979e-01 -4.075267917249068006e+00
1.079999999999999988e-01 -4.094253457083634196e+00
1.089999999999999997e-01 -4.113076132019938491e+00
1.100000000000000006e-01 -4.131737094593118442e+00
1.110000000000000014e-01 -4.150237500238930899e+00
1.120000000000000023e-01 -4.168578507152713719e+00
1.130000000000000032e-01 -4.186761276148339483e+00
1.140000000000000041e-01 -4.204786970517182532e+00
1.150000000000000050e-01 -4.222656755887070901e+00
1.160000000000000059e-01 -4.240371800081246256e+00
1.170000000000000068e-01 -4.257933272977330041e+00
1.180000000000000077e-01 -4.275342346366274526e+00
1.190000000000000085e-01 -4.292600193811326292e+00
1.199999999999999956e-01 -4.309707990506982611e+00
1.209999999999999964e-01 -4.326666913137954040e+00
1.219999999999999973e-01 -4.343478139738120802e+00
1.229999999999999982e-01 -4.360142849549492716e+00
1.239999999999999991e-01 -4.376662222881170017e+00
1.250000000000000000e-01 -4.393037440968298846e+00
1.260000000000000009e-01 -4.409269685831033847e+00
1.270000000000000018e-01 -4.425360140133495435e+00
1.280000000000000027e-01 -4.441309987042730612e+00
1.290000000000000036e-01 -4.457120410087669349e+00
1.300000000000000044e-01 -4.472792593018088070e+00
1.310000000000000053e-01 -4.488327719663562476e+00
1.320000000000000062e-01 -4.503726973792433697e+00
1.330000000000000071e-01 -4.518991538970763777e+00
1.340000000000000080e-01 -4.534122598421292949e+00
1.350000000000000089e-01 -4.549121334882403112e+00
1.360000000000000098e-01 -4.563988930467074212e+00
1.370000000000000107e-01 -4.578726566521845065e+00
1.380000000000000115e-01 -4.593335423485769731e+00
1.390000000000000124e-01 -4.607816680749381000e+00
1.400000000000000133e-01 -4.622171516513643219e+00
1.410000000000000142e-01 -4.636401107648920217e+00
1.420000000000000151e-01 -4.650506629553925464e+00
1.430000000000000160e-01 -4.664489256014688223e+00
1.440000000000000169e-01 -4.678350159063505487e+00
1.449999999999999900e-01 -4.692090508837911678e+00
1.459999999999999909e-01 -4.705711473439625259e+00
1.469999999999999918e-01 -4.719214218793520210e+00
1.479999999999999927e-01 -4.732599908506573527e+00
1.489999999999999936e-01 -4.745869703726833144e+00
1.499999999999999944e-01 -4.759024763002372538e+00
1.509999999999999953e-01 -4.772066242140254211e+00
1.519999999999999962e-01 -4.784995294065480742e+00
1.529999999999999971e-01 -4.797813068679964488e+00
1.539999999999999980e-01 -4.810520712721478631e+00
1.549999999999999989e-01 -4.823119369622618002e+00
1.559999999999999998e-01 -4.835610179369761674e+00
1.570000000000000007e-01 -4.847994278362028453e+00
1.580000000000000016e-01 -4.860272799270238586e+00
1.590000000000000024e-01 -4.872446870895869253e+00
1.600000000000000033e-01 -4.884517618030018937e+00
1.610000000000000042e-01 -4.896486161312362029e+00
1.620000000000000051e-01 -4.908353617090110532e+00
1.630000000000000060e-01 -4.920121097276970445e+00
1.640000000000000069e-01 -4.931789709212106132e+00
1.650000000000000078e-01 -4.943360555519094035e+00
1.660000000000000087e-01 -4.954834733964883497e+00
1.670000000000000095e-01 -4.966213337318759358e+00
1.680000000000000104e-01 -4.977497453211294776e+00
1.690000000000000113e-01 -4.988688163993315605e+00
1.700000000000000122e-01 -4.999786546594858549e+00
1.710000000000000131e-01 -5.010793672384126651e+00
1.720000000000000140e-01 -5.021710607026455442e+00
1.730000000000000149e-01 -5.032538410343263102e+00
1.740000000000000158e-01 -5.043278136171019277e+00
1.750000000000000167e-01 -5.053930832220195235e+00
1.759999999999999898e-01 -5.064497539934229131e+00
1.769999999999999907e-01 -5.074979294348485048e+00
1.779999999999999916e-01 -5.085377123949207601e+00
1.789999999999999925e-01 -5.095692050532484529e+00
1.799999999999999933e-01 -5.105925089063205746e+00
1.809999999999999942e-01 -5.116077247534020600e+00
1.819999999999999951e-01 -5.126149526824301361e+00
1.829999999999999960e-01 -5.136142920559095160e+00
1.839999999999999969e-01 -5.146058414968091910e+00
1.849999999999999978e-01 -5.155896988744574472e+00
1.859999999999999987e-01 -5.165659612904384801e+00
1.869999999999999996e-01 -5.175347250644881214e+00
1.880000000000000004e-01 -5.184960857203892992e+00
1.890000000000000013e-01 -5.194501379718690082e+00
1.900000000000000022e-01 -5.203969757084927039e+00
1.910000000000000031e-01 -5.213366919815618949e+00
1.920000000000000040e-01 -5.222693789900087147e+00
1.930000000000000049e-01 -5.231951280662923587e+00
1.940000000000000058e-01 -5.241140296622955219e+00
1.950000000000000067e-01 -5.250261733352191484e+00
1.960000000000000075e-01 -5.259316477334792239e+00
1.970000000000000084e-01 -5.268305405826025911e+00
1.980000000000000093e-01 -5.277229386711226766e+00
1.990000000000000102e-01 -5.286089278364754840e+00
2.000000000000000111e-01 -5.294885929508951428e+00
2.010000000000000120e-01 -5.303620179074767904e+00
2.020000000000000129e-01 -5.312292856105552019e+00
2.030000000000000138e-01 -5.320904779770453175e+00
2.040000000000000147e-01 -5.329456759420993173e+00
2.050000000000000155e-01 -5.337949594649304963e+00
2.060000000000000164e-01 -5.346384075346363396e+00
2.070000000000000173e-01 -5.354760981760227523e+00
2.080000000000000182e-01 -5.363081084554269573e+00
2.089999999999999913e-01 -5.371345144865412813e+00
2.099999999999999922e-01 -5.379553914362370293e+00
2.109999999999999931e-01 -5.387708135303872936e+00
2.119999999999999940e-01 -5.395808540596912728e+00
2.129999999999999949e-01 -5.403855853854974356e+00
2.139999999999999958e-01 -5.411850789456269517e+00
2.149999999999999967e-01 -5.419794052601975665e+00
2.159999999999999976e-01 -5.427686339374468538e+00
2.169999999999999984e-01 -5.435528336795560023e+00
2.179999999999999993e-01 -5.443320722884732454e+00
2.190000000000000002e-01 -5.451064166717372927e+00
2.200000000000000011e-01 -5.458759328483011153e+00
2.210000000000000020e-01 -5.466406859543552876e+00
2.220000000000000029e-01 -5.474007402491518626e+00
2.230000000000000038e-01 -5.481561591208272688e+00
2.240000000000000047e-01 -5.489070050922266297e+00
2.250000000000000056e-01 -5.496533398267267501e+00
2.260000000000000064e-01 -5.503952241340599016e+00
2.270000000000000073e-01 -5.511327179761374317e+00
2.280000000000000082e-01 -5.518658804728730161e+00
2.290000000000000091e-01 -5.525947699080067110e+00
2.300000000000000100e-01 -5.533194437349277628e+00
2.310000000000000109e-01 -5.540399585824988371e+00
2.320000000000000118e-01 -5.547563702608793612e+00
2.330000000000000127e-01 -5.554687337673488656e+00
2.340000000000000135e-01 -5.561771032921307700e+00
2.350000000000000144e-01 -5.568815322242158139e+00
2.360000000000000153e-01 -5.575820731571855760e+00
2.370000000000000162e-01 -5.582787778950361712e+00
2.380000000000000171e-01 -5.589716974580016817e+00
2.390000000000000180e-01 -5.596608820883776758e+00
2.399999999999999911e-01 -5.603463812563448165e+00
2.409999999999999920e-01 -5.610282436657925587e+00
2.419999999999999929e-01 -5.617065172601422240e+00
2.429999999999999938e-01 -5.623812492281711428e+00
2.439999999999999947e-01 -5.630524860098357287e+00
2.449999999999999956e-01 -5.637202733020952650e+00
2.459999999999999964e-01 -5.643846560647356014e+00
2.469999999999999973e-01 -5.650456785261920523e+00
2.479999999999999982e-01 -5.657033841893738924e+00
2.489999999999999991e-01 -5.663578158374869886e+00
2.500000000000000000e-01 -5.670090155398580301e+00
2.510000000000000009e-01 -5.676570246577576917e+00
2.520000000000000018e-01 -5.683018838502242431e+00
2.530000000000000027e-01 -5.689436330798874231e+00
2.540000000000000036e-01 -5.695823116187912483e+00
2.550000000000000044e-01 -5.702179580542184212e+00
2.560000000000000053e-01 -5.708506102945133165e+00
2.570000000000000062e-01 -5.714803055749055893e+00
2.580000000000000071e-01 -5.721070804633341389e+00
2.590000000000000080e-01 -5.727309708662700061e+00
2.600000000000000089e-01 -5.733520120345404258e+00
2.610000000000000098e-01 -5.739702385691521691e+00
2.620000000000000107e-01 -5.745856844271149733e+00
2.630000000000000115e-01 -5.751983829272655946e+00
2.640000000000000124e-01 -5.758083667560907060e+00
2.650000000000000133e-01 -5.764156679735506827e+00
2.660000000000000142e-01 -5.770203180189034775e+00
2.670000000000000151e-01 -5.776223477165276954e+00
2.680000000000000160e-01 -5.782217872817463800e+00
2.690000000000000169e-01 -5.788186663266504439e+00
2.700000000000000178e-01 -5.794130138659225437e+00
2.710000000000000187e-01 -5.800048583226600662e+00
2.720000000000000195e-01 -5.805942275341991810e+00
2.730000000000000204e-01 -5.811811487579380042e+00
2.740000000000000213e-01 -5.817656486771606517e+00
2.750000000000000222e-01 -5.823477534068600470e+00
2.760000000000000231e-01 -5.829274884995622408e+00
2.770000000000000240e-01 -5.835048789511493972e+00
2.780000000000000249e-01 -5.840799492066835796e+00
2.790000000000000258e-01 -5.846527231662303592e+00
2.800000000000000266e-01 -5.852232241906821564e+00
2.810000000000000275e-01 -5.857914751075819382e+00
2.820000000000000284e-01 -5.863574982169467376e+00
2.830000000000000293e-01 -5.869213152970912617e+00
2.840000000000000302e-01 -5.874829476104510562e+00
2.850000000000000311e-01 -5.880424159094067349e+00
2.860000000000000320e-01 -5.885997404421069668e+00
2.870000000000000329e-01 -5.891549409582921726e+00
2.880000000000000338e-01 -5.897080367151183111e+00
2.889999999999999791e-01 -5.902590464829799544e+00
2.899999999999999800e-01 -5.908079885513343399e+00
2.909999999999999809e-01 -5.913548807345245351e+00
2.919999999999999818e-01 -5.918997403776031341e+00
2.929999999999999827e-01 -5.924425843621557775e+00
2.939999999999999836e-01 -5.929834291121249379e+00
2.949999999999999845e-01 -5.935222905996329068e+00
2.959999999999999853e-01 -5.940591843508060244e+00
2.969999999999999862e-01 -5.945941254515975771e+00
2.979999999999999871e-01 -5.951271285536119393e+00
2.989999999999999880e-01 -5.956582078799276481e+00
2.999999999999999889e-01 -5.961873772309211006e+00
3.009999999999999898e-01 -5.967146499900904288e+00
3.019999999999999907e-01 -5.972400391298783973e+00
3.029999999999999916e-01 -5.977635572174965439e+00
3.039999999999999925e-01 -5.982852164207483447e+00
3.049999999999999933e-01 -5.988050285138529993e+00
3.059999999999999942e-01 -5.993230048832688617e+00
3.069999999999999951e-01 -5.998391565335170483e+00
3.079999999999999960e-01 -6.003534940930048691e+00
3.089999999999999969e-01 -6.008660278198495241e+00
3.099999999999999978e-01 -6.013767676077015345e+00
3.109999999999999987e-01 -6.018857229915683504e+00
3.119999999999999996e-01 -6.023929031536378709e+00
3.130000000000000004e-01 -6.028983169291020516e+00
3.140000000000000013e-01 -6.034019728119802473e+00
3.150000000000000022e-01 -6.039038789609431745e+00
3.160000000000000031e-01 -6.044040432051358991e+00
3.170000000000000040e-01 -6.049024730500020652e+00
3.180000000000000049e-01 -6.053991756831065274e+00
3.190000000000000058e-01 -6.058941579799599353e+00
3.200000000000000067e-01 -6.063874265098414540e+00
3.210000000000000075e-01 -6.068789875416228163e+00
3.220000000000000084e-01 -6.073688470495915759e+00
3.230000000000000093e-01 -6.078570107192748040e+00
3.240000000000000102e-01 -6.083434839532625205e+00
3.250000000000000111e-01 -6.088282718770314794e+00
3.260000000000000120e-01 -6.093113793447683335e+00
3.270000000000000129e-01 -6.097928109451935974e+00
3.280000000000000138e-01 -6.102725710073849008e+00
3.290000000000000147e-01 -6.107506636066006855e+00
3.300000000000000155e-01 -6.112270925701035473e+00
3.310000000000000164e-01 -6.117018614829841106e+00
3.320000000000000173e-01 -6.121749736939842812e+00
3.330000000000000182e-01 -6.126464323213209440e+00
3.340000000000000191e-01 -6.131162402585095705e+00
3.350000000000000200e-01 -6.135844001801875613e+00
3.360000000000000209e-01 -6.140509145479378539e+00
3.370000000000000218e-01 -6.145157856161127086e+00
3.380000000000000226e-01 -6.149790154376567841e+00
3.390000000000000235e-01 -6.154406058699312787e+00
3.400000000000000244e-01 -6.159005585805370053e+00
3.410000000000000253e-01 -6.163588750531380001e+00
3.420000000000000262e-01 -6.168155565932853079e+00
3.430000000000000271e-01 -6.172706043342403248e+00
3.440000000000000280e-01 -6.177240192427985832e+00
3.450000000000000289e-01 -6.181758021251127388e+00
3.460000000000000298e-01 -6.186259536325168895e+00
3.470000000000000306e-01 -6.190744742673496503e+00
3.480000000000000315e-01 -6.195213643887774957e+00
3.490000000000000324e-01 -6.199666242186189002e+00
3.500000000000000333e-01 -6.204102538471675921e+00
3.510000000000000342e-01 -6.208522532390158943e+00
3.519999999999999796e-01 -6.212926222388785114e+00
3.529999999999999805e-01 -6.217313605774162255e+00
3.539999999999999813e-01 -6.221684678770589727e+00
3.549999999999999822e-01 -6.226039436578298059e+00
3.559999999999999831e-01 -6.230377873431683255e+00
3.569999999999999840e-01 -6.234699982657541995e+00
3.579999999999999849e-01 -6.239005756733305930e+00
3.589999999999999858e-01 -6.243295187345280439e+00
3.599999999999999867e-01 -6.247568265446875380e+00
3.609999999999999876e-01 -6.251824981316845609e+00
3.619999999999999885e-01 -6.256065324617521739e+00
3.629999999999999893e-01 -6.260289284453051550e+00
3.639999999999999902e-01 -6.264496849427626302e+00
3.649999999999999911e-01 -6.268688007703727472e+00
3.659999999999999920e-01 -6.272862747060353072e+00
3.669999999999999929e-01 -6.277021054951256396e+00
3.679999999999999938e-01 -6.281162918563182984e+00
3.689999999999999947e-01 -6.285288324874104049e+00
3.699999999999999956e-01 -6.289397260711453441e+00
3.709999999999999964e-01 -6.293489712810360182e+00
3.719999999999999973e-01 -6.297565667871888984e+00
3.729999999999999982e-01 -6.301625112621270119e+00
3.739999999999999991e-01 -6.305668033866139055e+00
3.750000000000000000e-01 -6.309694418554769868e+00
3.760000000000000009e-01 -6.313704253834311331e+00
3.770000000000000018e-01 -6.317697527109022104e+00
3.780000000000000027e-01 -6.321674226098506821e+00
3.790000000000000036e-01 -6.325634338895950393e+00
3.800000000000000044e-01 -6.329577854026355865e+00
3.810000000000000053e-01 -6.333504760504776065e+00
3.820000000000000062e-01 -6.337415047894552345e+00
3.830000000000000071e-01 -6.341308706365549774e+00
3.840000000000000080e-01 -6.345185726752389677e+00
3.850000000000000089e-01 -6.349046100612689258e+00
3.860000000000000098e-01 -6.352889820285294142e+00
3.870000000000000107e-01 -6.356716878948514449e+00
3.880000000000000115e-01 -6.360527270678361766e+00
3.890000000000000124e-01 -6.364320990506780795e+00
3.900000000000000133e-01 -6.368098034479890757e+00
3.910000000000000142e-01 -6.371858399716215260e+00
3.920000000000000151e-01 -6.375602084464920161e+00
3.930000000000000160e-01 -6.379329088164050532e+00
3.940000000000000169e-01 -6.383039411498762306e+00
3.950000000000000178e-01 -6.386733056459561020e+00
3.960000000000000187e-01 -6.390410026400537014e+00
3.970000000000000195e-01 -6.394070326097598844e+00
3.980000000000000204e-01 -6.397713961806710259e+00
3.990000000000000213e-01 -6.401340941322125389e+00
4.000000000000000222e-01 -6.404951274034624831e+00
4.010000000000000231e-01 -6.408544970989121126e+00
4.020000000000000240e-01 -6.412122044925921749e+00
4.030000000000000249e-01 -6.415682510280495521e+00
4.040000000000000258e-01 -6.419226383166901861e+00
4.050000000000000266e-01 -6.422753681360578781e+00
4.060000000000000275e-01 -6.426264424281144194e+00
4.070000000000000284e-01 -6.429758632975188348e+00
4.080000000000000293e-01 -6.433236330099068923e+00
4.090000000000000302e-01 -6.436697539901707898e+00
4.100000000000000311e-01 -6.440142288207383103e+00
4.110000000000000320e-01 -6.443570602398529523e+00
4.120000000000000329e-01 -6.446982511398527294e+00
4.130000000000000338e-01 -6.450378045654503012e+00
4.140000000000000346e-01 -6.453757237120120394e+00
4.150000000000000355e-01 -6.457120119238378031e+00
4.160000000000000364e-01 -6.460466726924405378e+00
4.169999999999999818e-01 -6.463797096548255183e+00
4.179999999999999827e-01 -6.467111265917698582e+00
4.189999999999999836e-01 -6.470409274261024635e+00
4.199999999999999845e-01 -6.473691162209831873e+00
4.209999999999999853e-01 -6.476956971781822503e+00
4.219999999999999862e-01 -6.480206746363600168e+00
4.229999999999999871e-01 -6.483440530693465043e+00
4.239999999999999880e-01 -6.486658370844208044e+00
4.249999999999999889e-01 -6.489860314205905922e+00
4.259999999999999898e-01 -6.493046409468715474e+00
4.269999999999999907e-01 -6.496216706605673075e+00
4.279999999999999916e-01 -6.499371256855483558e+00
4.289999999999999925e-01 -6.502510112705320644e+00
4.299999999999999933e-01 -6.505633327873619365e+00
4.309999999999999942e-01 -6.508740957292872054e+00
4.319999999999999951e-01 -6.511833057092424326e+00
4.329999999999999960e-01 -6.514909684581268401e+00
4.339999999999999969e-01 -6.517970898230839971e+00
4.349999999999999978e-01 -6.521016757657811524e+00
4.359999999999999987e-01 -6.524047323606890991e+00
4.369999999999999996e-01 -6.527062657933612400e+00
4.380000000000000004e-01 -6.530062823587134524e+00
4.390000000000000013e-01 -6.533047884593035093e+00
4.400000000000000022e-01 -6.536017906036105884e+00
4.410000000000000031e-01 -6.538972954043146046e+00
4.420000000000000040e-01 -6.541913095765762520e+00
4.430000000000000049e-01 -6.544838399363157144e+00
4.440000000000000058e-01 -6.547748933984930630e+00
4.450000000000000067e-01 -6.550644769753871444e+00
4.460000000000000075e-01 -6.553525977748754450e+00
4.470000000000000084e-01 -6.556392629987132459e+00
4.480000000000000093e-01 -6.559244799408136650e+00
4.490000000000000102e-01 -6.562082559855267228e+00
4.500000000000000111e-01 -6.564905986059189402e+00
4.510000000000000120e-01 -6.567715153620532043e+00
4.520000000000000129e-01 -6.570510138992677440e+00
4.530000000000000138e-01 -6.573291019464561735e+00
4.540000000000000147e-01 -6.576057873143465571e+00
4.550000000000000155e-01 -6.578810778937812742e+00
4.560000000000000164e-01 -6.581549816539963516e+00
4.570000000000000173e-01 -6.584275066409010613e+00
4.580000000000000182e-01 -6.586986609753572530e+00
4.590000000000000191e-01 -6.589684528514593076e+00
4.600000000000000200e-01 -6.592368905348132913e+00
4.610000000000000209e-01 -6.595039823608162877e+00
4.620000000000000218e-01 -6.597697367329365292e+00
4.630000000000000226e-01 -6.600341621209924625e+00
4.640000000000000235e-01 -6.602972670594324356e+00
4.650000000000000244e-01 -6.605590601456139410e+00
4.660000000000000253e-01 -6.608195500380836584e+00
4.670000000000000262e-01 -6.610787454548564313e+00
4.680000000000000271e-01 -6.613366551716952202e+00
4.690000000000000280e-01 -6.615932880203902577e+00
4.700000000000000289e-01 -6.618486528870388241e+00
4.710000000000000298e-01 -6.621027587103247569e+00
4.720000000000000306e-01 -6.623556144797976941e+00
4.730000000000000315e-01 -6.626072292341529391e+00
4.740000000000000324e-01 -6.628576120595107923e+00
4.750000000000000333e-01 -6.631067720876960614e+00
4.760000000000000342e-01 -6.633547184945178365e+00
4.770000000000000351e-01 -6.636014604980484677e+00
4.780000000000000360e-01 -6.638470073569036067e+00
4.790000000000000369e-01 -6.640913683685216284e+00
4.799999999999999822e-01 -6.643345528674428735e+00
4.809999999999999831e-01 -6.645765702235894246e+00
4.819999999999999840e-01 -6.648174298405445271e+00
4.829999999999999849e-01 -6.650571411538321875e+00
4.839999999999999858e-01 -6.652957136291966833e+00
4.849999999999999867e-01 -6.655331567608817167e+00
4.859999999999999876e-01 -6.657694800699108129e+00
4.869999999999999885e-01 -6.660046931023656747e+00
4.879999999999999893e-01 -6.662388054276666693e+00
4.889999999999999902e-01 -6.664718266368519828e+00
4.899999999999999911e-01 -6.667037663408569514e+00
4.909999999999999920e-01 -6.669346341687940161e+00
4.919999999999999929e-01 -6.671644397662316095e+00
4.929999999999999938e-01 -6.673931927934745545e+00
4.939999999999999947e-01 -6.676209029238425963e+00
4.949999999999999956e-01 -6.678475798419508891e+00
4.959999999999999964e-01 -6.680732332419885289e+00
4.969999999999999973e-01 -6.682978728259990397e+00
4.979999999999999982e-01 -6.685215083021590843e+00
4.989999999999999991e-01 -6.687441493830586836e+00
5.000000000000000000e-01 -6.689658057839799277e+00
5.010000000000000009e-01 -6.691864872211774617e+00
5.020000000000000018e-01 -6.694062034101571079e+00
5.030000000000000027e-01 -6.696249640639559075e+00
5.040000000000000036e-01 -6.698427788914215419e+00
5.050000000000000044e-01 -6.700596575954916645e+00
5.060000000000000053e-01 -6.702756098714738542e+00
5.070000000000000062e-01 -6.704906454053245035e+00
5.080000000000000071e-01 -6.707047738719289498e+00
5.090000000000000080e-01 -6.709180049333805407e+00
5.100000000000000089e-01 -6.711303482372604101e+00
5.110000000000000098e-01 -6.713418134149169880e+00
5.120000000000000107e-01 -6.715524100797454210e+00
5.130000000000000115e-01 -6.717621478254669931e+00
5.140000000000000124e-01 -6.719710362244089907e+00
5.150000000000000133e-01 -6.721790848257838569e+00
5.160000000000000142e-01 -6.723863031539688784e+00
5.170000000000000151e-01 -6.725927007067858732e+00
5.180000000000000160e-01 -6.727982869537801669e+00
5.190000000000000169e-01 -6.730030713345007243e+00
5.200000000000000178e-01 -6.732070632567794810e+00
5.210000000000000187e-01 -6.734102720950104981e+00
5.220000000000000195e-01 -6.736127071884300932e+00
5.230000000000000204e-01 -6.738143778393958172e+00
5.240000000000000213e-01 -6.740152933116663192e+00
5.250000000000000222e-01 -6.742154628286806783e+00
5.260000000000000231e-01 -6.744148955718380023e+00
5.270000000000000240e-01 -6.746136006787770256e+00
5.280000000000000249e-01 -6.748115872416554417e+00
5.290000000000000258e-01 -6.750088643054294124e+00
5.300000000000000266e-01 -6.752054408661333440e+00
5.310000000000000275e-01 -6.754013258691593968e+00
5.320000000000000284e-01 -6.755965282075364620e+00
5.330000000000000293e-01 -6.757910567202103813e+00
5.340000000000000302e-01 -6.759849201903230131e+00
5.350000000000000311e-01 -6.761781273434920969e+00
5.360000000000000320e-01 -6.763706868460903188e+00
5.370000000000000329e-01 -6.765626073035252652e+00
5.380000000000000338e-01 -6.767538972585186663e+00
5.390000000000000346e-01 -6.769445651893860827e+00
5.400000000000000355e-01 -6.771346195083163266e+00
5.410000000000000364e-01 -6.773240685596510602e+00
5.420000000000000373e-01 -6.775129206181640384e+00
5.430000000000000382e-01 -6.777011838873412408e+00
5.440000000000000391e-01 -6.778888664976595813e+00
5.450000000000000400e-01 -6.780759765048671284e+00
5.460000000000000409e-01 -6.782625218882622598e+00
5.470000000000000417e-01 -6.784485105489733492e+00
5.480000000000000426e-01 -6.786339503082379210e+00
5.490000000000000435e-01 -6.788188489056827812e+00
5.500000000000000444e-01 -6.790032139976030834e+00
5.510000000000000453e-01 -6.791870531552418377e+00
5.520000000000000462e-01 -6.793703738630696876e+00
5.530000000000000471e-01 -6.795531835170643298e+00
5.540000000000000480e-01 -6.797354894229899358e+00
5.550000000000000488e-01 -6.799172987946768387e+00
5.560000000000000497e-01 -6.800986187523006876e+00
5.570000000000000506e-01 -6.802794563206624900e+00
5.580000000000000515e-01 -6.804598184274678552e+00
5.590000000000000524e-01 -6.806397119016063257e+00
5.600000000000000533e-01 -6.808191434714314205e+00
5.610000000000000542e-01 -6.809981197630394334e+00
5.620000000000000551e-01 -6.811766472985498311e+00
5.630000000000000560e-01 -6.813547324943837857e+00
5.640000000000000568e-01 -6.815323816595445727e+00
5.650000000000000577e-01 -6.817096009938965473e+00
5.660000000000000586e-01 -6.818863965864449206e+00
5.670000000000000595e-01 -6.820627744136150916e+00
5.680000000000000604e-01 -6.822387403375323345e+00
5.690000000000000613e-01 -6.824143001043011303e+00
5.700000000000000622e-01 -6.825894593422851209e+00
5.710000000000000631e-01 -6.827642235603859078e+00
5.720000000000000639e-01 -6.829385981463232724e+00
5.730000000000000648e-01 -6.831125883649141528e+00
5.740000000000000657e-01 -6.832861993563526859e+00
5.750000000000000666e-01 -6.834594361344891844e+00
5.760000000000000675e-01 -6.836323035851100904e+00
5.769999999999999574e-01 -6.838048064642172186e+00
5.779999999999999583e-01 -6.839769493963073543e+00
5.789999999999999591e-01 -6.841487368726520302e+00
5.799999999999999600e-01 -6.843201732495765910e+00
5.809999999999999609e-01 -6.844912627467398814e+00
5.819999999999999618e-01 -6.846620094454140215e+00
5.829999999999999627e-01 -6.848324172867634729e+00
5.839999999999999636e-01 -6.850024900701251696e+00
5.849999999999999645e-01 -6.851722314512872281e+00
5.859999999999999654e-01 -6.853416449407692568e+00
5.869999999999999662e-01 -6.855107339021013324e+00
5.879999999999999671e-01 -6.856795015501038648e+00
5.889999999999999680e-01 -6.858479509491667514e+00
5.899999999999999689e-01 -6.860160850115294195e+00
5.909999999999999698e-01 -6.861839064955596257e+00
5.919999999999999707e-01 -6.863514180040338530e+00
5.929999999999999716e-01 -6.865186219824159330e+00
5.939999999999999725e-01 -6.866855207171372655e+00
5.949999999999999734e-01 -6.868521163338759727e+00
5.959999999999999742e-01 -6.870184107958364983e+00
5.969999999999999751e-01 -6.871844059020292050e+00
5.979999999999999760e-01 -6.873501032855497073e+00
5.989999999999999769e-01 -6.875155044118586467e+00
5.999999999999999778e-01 -6.876806105770610245e+00
6.009999999999999787e-01 -6.878454229062171521e+00
6.019999999999999796e-01 -6.880099423524740132e+00
6.029999999999999805e-01 -6.881741696982771828e+00
6.039999999999999813e-01 -6.883381055574032459e+00
6.049999999999999822e-01 -6.885017503770233915e+00
6.059999999999999831e-01 -6.886651044397671839e+00
6.069999999999999840e-01 -6.888281678657866003e+00
6.079999999999999849e-01 -6.889909406148192694e+00
6.089999999999999858e-01 -6.891534224882525095e+00
6.099999999999999867e-01 -6.893156131311873658e+00
6.109999999999999876e-01 -6.894775120345014940e+00
6.119999999999999885e-01 -6.896391185369139976e+00
6.129999999999999893e-01 -6.898004318270482216e+00
6.139999999999999902e-01 -6.899614509454960576e+00
6.149999999999999911e-01 -6.901221747868815370e+00
6.159999999999999920e-01 -6.902826021019246028e+00
6.169999999999999929e-01 -6.904427314995046139e+00
6.179999999999999938e-01 -6.906025614487245612e+00
6.189999999999999947e-01 -6.907620902809743946e+00
6.199999999999999956e-01 -6.909213161919949719e+00
6.209999999999999964e-01 -6.910802372439416530e+00
6.219999999999999973e-01 -6.912388513674483370e+00
6.229999999999999982e-01 -6.913971563636907902e+00
6.239999999999999991e-01 -6.915551499064508612e+00
6.250000000000000000e-01 -6.917128295441797192e+00
6.260000000000000009e-01 -6.918701927020619813e+00
6.270000000000000018e-01 -6.920272366840794831e+00
6.280000000000000027e-01 -6.921839586750746065e+00
6.290000000000000036e-01 -6.923403557428144950e+00
6.300000000000000044e-01 -6.924964248400545586e+00
6.310000000000000053e-01 -6.926521628066020675e+00
6.320000000000000062e-01 -6.928075663713804566e+00
6.330000000000000071e-01 -6.929626321544922973e+00
6.340000000000000080e-01 -6.931173566692837795e+00
6.350000000000000089e-01 -6.932717363244080389e+00
6.360000000000000098e-01 -6.934257674258887505e+00
6.370000000000000107e-01 -6.935794461791845222e+00
6.380000000000000115e-01 -6.937327686912518665e+00
6.390000000000000124e-01 -6.938857309726094158e+00
6.400000000000000133e-01 -6.940383289394016941e+00
6.410000000000000142e-01 -6.941905584154626219e+00
6.420000000000000151e-01 -6.943424151343793760e+00
6.430000000000000160e-01 -6.944938947415560726e+00
6.440000000000000169e-01 -6.946449927962776272e+00
6.450000000000000178e-01 -6.947957047737734371e+00
6.460000000000000187e-01 -6.949460260672811529e+00
6.470000000000000195e-01 -6.950959519901102723e+00
6.480000000000000204e-01 -6.952454777777060890e+00
6.490000000000000213e-01 -6.953945985897135529e+00
6.500000000000000222e-01 -6.955433095120404197e+00
6.510000000000000231e-01 -6.956916055589216441e+00
6.520000000000000240e-01 -6.958394816749829737e+00
6.530000000000000249e-01 -6.959869327373043646e+00
6.540000000000000258e-01 -6.961339535574841086e+00
6.550000000000000266e-01 -6.962805388837024267e+00
6.560000000000000275e-01 -6.964266834027850628e+00
6.570000000000000284e-01 -6.965723817422674102e+00
6.580000000000000293e-01 -6.967176284724579283e+00
6.590000000000000302e-01 -6.968624181085018243e+00
6.600000000000000311e-01 -6.970067451124452695e+00
6.610000000000000320e-01 -6.971506038952986373e+00
6.620000000000000329e-01 -6.972939888191005409e+00
6.630000000000000338e-01 -6.974368941989814275e+00
6.640000000000000346e-01 -6.975793143052273493e+00
6.650000000000000355e-01 -6.977212433653438239e+00
6.660000000000000364e-01 -6.978626755661194281e+00
6.670000000000000373e-01 -6.980036050556897465e+00
6.680000000000000382e-01 -6.981440259456007880e+00
6.690000000000000391e-01 -6.982839323128731124e+00
6.700000000000000400e-01 -6.984233182020651576e+00
6.710000000000000409e-01 -6.985621776273374550e+00
6.720000000000000417e-01 -6.987005045745159570e+00
6.730000000000000426e-01 -6.988382930031561635e+00
6.740000000000000435e-01 -6.989755368486063603e+00
6.750000000000000444e-01 -6.991122300240719234e+00
6.760000000000000453e-01 -6.992483664226787354e+00
6.770000000000000462e-01 -6.993839399195369566e+00
6.780000000000000471e-01 -6.995189443738048851e+00
6.790000000000000480e-01 -6.996533736307525508e+00
6.800000000000000488e-01 -6.997872215238255755e+00
6.810000000000000497e-01 -6.999204818767089442e+00
6.820000000000000506e-01 -7.000531485053905101e+00
6.830000000000000515e-01 -7.001852152202252100e+00
6.840000000000000524e-01 -7.003166758279983029e+00
6.850000000000000533e-01 -7.004475241339894076e+00
6.860000000000000542e-01 -7.005777539440360968e+00
6.870000000000000551e-01 -7.007073590665976681e+00
6.880000000000000560e-01 -7.008363333148192709e+00
6.890000000000000568e-01 -7.009646705085949669e+00
6.900000000000000577e-01 -7.010923644766319462e+00
6.910000000000000586e-01 -7.012194090585141204e+00
6.920000000000000595e-01 -7.013457981067659830e+00
6.930000000000000604e-01 -7.014715254889161145e+00
6.940000000000000613e-01 -7.015965850895613976e+00
6.950000000000000622e-01 -7.017209708124299894e+00
6.960000000000000631e-01 -7.018446765824459810e+00
6.970000000000000639e-01 -7.019676963477923692e+00
6.980000000000000648e-01 -7.020900240819752725e+00
6.990000000000000657e-01 -7.022116537858875240e+00
7.000000000000000666e-01 -7.023325794898722663e+00
7.010000000000000675e-01 -7.024527952557869881e+00
7.020000000000000684e-01 -7.025722951790671189e+00
7.030000000000000693e-01 -7.026910733907897999e+00
7.039999999999999591e-01 -7.028091240597374778e+00
7.049999999999999600e-01 -7.029264413944619427e+00
7.059999999999999609e-01 -7.030430196453477443e+00
7.069999999999999618e-01 -7.031588531066763181e+00
7.079999999999999627e-01 -7.032739361186893134e+00
7.089999999999999636e-01 -7.033882630696527194e+00
7.099999999999999645e-01 -7.035018283979203702e+00
7.109999999999999654e-01 -7.036146265939976274e+00
7.119999999999999662e-01 -7.037266522026054183e+00
7.129999999999999671e-01 -7.038378998247437401e+00
7.139999999999999680e-01 -7.039483641197554320e+00
7.149999999999999689e-01 -7.040580398073902124e+00
7.159999999999999698e-01 -7.041669216698678291e+00
7.169999999999999707e-01 -7.042750045539423631e+00
7.179999999999999716e-01 -7.043822833729657340e+00
7.189999999999999725e-01 -7.044887531089515598e+00
7.199999999999999734e-01 -7.045944088146385731e+00
7.209999999999999742e-01 -7.046992456155547480e+00
7.219999999999999751e-01 -7.048032587120810710e+00
7.229999999999999760e-01 -7.049064433815148689e+00
7.239999999999999769e-01 -7.050087949801339349e+00
7.249999999999999778e-01 -7.051103089452601225e+00
7.259999999999999787e-01 -7.052109807973231170e+00
7.269999999999999796e-01 -7.053108061419242070e+00
7.279999999999999805e-01 -7.054097806718999664e+00
7.289999999999999813e-01 -7.055079001693859375e+00
7.299999999999999822e-01 -7.056051605078806688e+00
7.309999999999999831e-01 -7.057015576543091306e+00
7.319999999999999840e-01 -7.057970876710867536e+00
7.329999999999999849e-01 -7.058917467181826666e+00
7.339999999999999858e-01 -7.059855310551841789e+00
7.349999999999999867e-01 -7.060784370433599300e+00
7.359999999999999876e-01 -7.061704611477238380e+00
7.369999999999999885e-01 -7.062615999390989607e+00
7.379999999999999893e-01 -7.063518500961809110e+00
7.389999999999999902e-01 -7.064412084076021614e+00
7.399999999999999911e-01 -7.065296717739950161e+00
7.409999999999999920e-01 -7.066172372100561816e+00
7.419999999999999929e-01 -7.067039018466098277e+00
7.429999999999999938e-01 -7.067896629326718028e+00
7.439999999999999947e-01 -7.068745178375131388e+00
7.449999999999999956e-01 -7.069584640527237340e+00
7.459999999999999964e-01 -7.070414991942763905e+00
7.469999999999999973e-01 -7.071236210045902304e+00
7.479999999999999982e-01 -7.072048273545948227e+00
7.489999999999999991e-01 -7.072851162457935104e+00
7.500000000000000000e-01 -7.073644858123273593e+00
7.510000000000000009e-01 -7.074429343230389300e+00
7.520000000000000018e-01 -7.075204601835360485e+00
7.530000000000000027e-01 -7.075970619382553117e+00
7.540000000000000036e-01 -7.076727382725262139e+00
7.550000000000000044e-01 -7.077474880146344738e+00
7.560000000000000053e-01 -7.078213101378861616e+00
7.570000000000000062e-01 -7.078942037626712924e+00
7.580000000000000071e-01 -7.079661681585273314e+00
7.590000000000000080e-01 -7.080372027462034090e+00
7.600000000000000089e-01 -7.081073070997236485e+00
7.610000000000000098e-01 -7.081764809484511147e+00
7.620000000000000107e-01 -7.082447241791516745e+00
7.630000000000000115e-01 -7.083120368380572351e+00
7.640000000000000124e-01 -7.083784191329303148e+00
7.650000000000000133e-01 -7.084438714351269262e+00
7.660000000000000142e-01 -7.085083942816608804e+00
7.670000000000000151e-01 -7.085719883772674699e+00
7.680000000000000160e-01 -7.086346545964667953e+00
7.690000000000000169e-01 -7.086963939856280703e+00
7.700000000000000178e-01 -7.087572077650331259e+00
7.710000000000000187e-01 -7.088170973309400047e+00
7.720000000000000195e-01 -7.088760642576469095e+00
7.730000000000000204e-01 -7.089341102995560639e+00
7.740000000000000213e-01 -7.089912373932369505e+00
7.750000000000000222e-01 -7.090474476594906150e+00
7.760000000000000231e-01 -7.091027434054131717e+00
7.770000000000000240e-01 -7.091571271264594856e+00
7.780000000000000249e-01 -7.092106015085071213e+00
7.790000000000000258e-01 -7.092631694299196710e+00
7.800000000000000266e-01 -7.093148339636111466e+00
7.810000000000000275e-01 -7.093655983791092190e+00
7.820000000000000284e-01 -7.094154661446189003e+00
7.830000000000000293e-01 -7.094644409290869369e+00
7.840000000000000302e-01 -7.095125266042646928e+00
7.850000000000000311e-01 -7.095597272467726313e+00
7.860000000000000320e-01 -7.096060471401635539e+00
7.870000000000000329e-01 -7.096514907769865488e+00
7.880000000000000338e-01 -7.096960628608507626e+00
7.890000000000000346e-01 -7.097397683084892606e+00
7.900000000000000355e-01 -7.097826122518224423e+00
7.910000000000000364e-01 -7.098246000400219025e+00
7.920000000000000373e-01 -7.098657372415743794e+00
7.930000000000000382e-01 -7.099060296463453490e+00
7.940000000000000391e-01 -7.099454832676427074e+00
7.950000000000000400e-01 -7.099841043442806310e+00
7.960000000000000409e-01 -7.100218993426433478e+00
7.970000000000000417e-01 -7.100588749587486426e+00
7.980000000000000426e-01 -7.100950381203118944e+00
7.990000000000000435e-01 -7.101303959888095818e+00
8.000000000000000444e-01 -7.101649559615434093e+00
8.010000000000000453e-01 -7.101987256736631338e+00
8.020000000000000462e-01 -7.102317129991390310e+00
8.030000000000000471e-01 -7.102639260490662743e+00
8.040000000000000480e-01 -7.102953731689178873e+00
8.050000000000000488e-01 -7.103260629357577294e+00
8.060000000000000497e-01 -7.103560041554529469e+00
8.070000000000000506e-01 -7.103852058598867814e+00
8.080000000000000515e-01 -7.104136773041716424e+00
8.090000000000000524e-01 -7.104414279638612939e+00
8.100000000000000533e-01 -7.104684675321640164e+00
8.110000000000000542e-01 -7.104948059171554142e+00
8.120000000000000551e-01 -7.105204532389906014e+00
8.130000000000000560e-01 -7.105454198271176303e+00
8.140000000000000568e-01 -7.105697162174898551e+00
8.150000000000000577e-01 -7.105933531497785616e+00
8.160000000000000586e-01 -7.106163415645861292e+00
8.170000000000000595e-01 -7.106386926006583948e+00
8.180000000000000604e-01 -7.106604175920975486e+00
8.190000000000000613e-01 -7.106815280655749412e+00
8.200000000000000622e-01 -7.107020357375436248e+00
8.210000000000000631e-01 -7.107219525114512493e+00
8.220000000000000639e-01 -7.107412904749528693e+00
8.230000000000000648e-01 -7.107600618971234852e+00
8.240000000000000657e-01 -7.107782792256710280e+00
8.250000000000000666e-01 -7.107959550841488117e+00
8.260000000000000675e-01 -7.108131022691685175e+00
8.270000000000000684e-01 -7.108297337476128241e+00
8.280000000000000693e-01 -7.108458626538481262e+00
8.290000000000000702e-01 -7.108615022869376077e+00
8.300000000000000711e-01 -7.108766661078532501e+00
8.310000000000000719e-01 -7.108913677366894390e+00
8.320000000000000728e-01 -7.109056209498750611e+00
8.329999999999999627e-01 -7.109194396773865776e+00
8.339999999999999636e-01 -7.109328379999607428e+00
8.349999999999999645e-01 -7.109458301463070562e+00
8.359999999999999654e-01 -7.109584304903210139e+00
8.369999999999999662e-01 -7.109706535482963830e+00
8.379999999999999671e-01 -7.109825139761380974e+00
8.389999999999999680e-01 -7.109940265665751546e+00
8.399999999999999689e-01 -7.110052062463732447e+00
8.409999999999999698e-01 -7.110160680735472916e+00
8.419999999999999707e-01 -7.110266272345747041e+00
8.429999999999999716e-01 -7.110368990416075619e+00
8.439999999999999725e-01 -7.110468989296856002e+00
8.449999999999999734e-01 -7.110566424539490171e+00
8.459999999999999742e-01 -7.110661452868512811e+00
8.469999999999999751e-01 -7.110754232153714938e+00
8.479999999999999760e-01 -7.110844921382276418e+00
8.489999999999999769e-01 -7.110933680630887821e+00
8.499999999999999778e-01 -7.111020671037882934e+00
8.509999999999999787e-01 -7.111106054775365060e+00
8.519999999999999796e-01 -7.111189995021330645e+00
8.529999999999999805e-01 -7.111272655931801800e+00
8.539999999999999813e-01 -7.111354202612950814e+00
8.549999999999999822e-01 -7.111434801093227343e+00
8.559999999999999831e-01 -7.111514618295488255e+00
8.569999999999999840e-01 -7.111593822009123933e+00
8.579999999999999849e-01 -7.111672580862181903e+00
8.589999999999999858e-01 -7.111751064293502012e+00
8.599999999999999867e-01 -7.111829442524837397e+00
8.609999999999999876e-01 -7.111907886532984335e+00
8.619999999999999885e-01 -7.111986568021907651e+00
8.629999999999999893e-01 -7.112065659394874118e+00
8.639999999999999902e-01 -7.112145333726571650e+00
8.649999999999999911e-01 -7.112225764735242706e+00
8.659999999999999920e-01 -7.112307126754808806e+00
8.669999999999999929e-01 -7.112389594707000384e+00
8.679999999999999938e-01 -7.112473344073480419e+00
8.689999999999999947e-01 -7.112558550867976059e+00
8.699999999999999956e-01 -7.112645391608404033e+00
8.709999999999999964e-01 -7.112734043288997832e+00
8.719999999999999973e-01 -7.112824683352434896e+00
8.729999999999999982e-01 -7.112917489661965575e+00
8.739999999999999991e-01 -7.113012640473539427e+00
8.750000000000000000e-01 -7.113110314407933288e+00
8.760000000000000009e-01 -7.113210690422877569e+00
8.770000000000000018e-01 -7.113313947785183444e+00
8.780000000000000027e-01 -7.113420266042875362e+00
8.790000000000000036e-01 -7.113529824997308459e+00
8.800000000000000044e-01 -7.113642804675307296e+00
8.810000000000000053e-01 -7.113759385301284155e+00
8.820000000000000062e-01 -7.113879747269372444e+00
8.830000000000000071e-01 -7.114004071115550332e+00
8.840000000000000080e-01 -7.114132537489771479e+00
8.850000000000000089e-01 -7.114265327128088678e+00
8.860000000000000098e-01 -7.114402620824784584e+00
8.870000000000000107e-01 -7.114544599404497127e+00
8.880000000000000115e-01 -7.114691443694349360e+00
8.890000000000000124e-01 -7.114843334496073091e+00
8.900000000000000133e-01 -7.115000452558140509e+00
8.910000000000000142e-01 -7.115162978547886929e+00
8.920000000000000151e-01 -7.115331093023643305e+00
8.930000000000000160e-01 -7.115504976406860749e+00
8.940000000000000169e-01 -7.115684808954236829e+00
8.950000000000000178e-01 -7.115870770729845418e+00
8.960000000000000187e-01 -7.116063041577264769e+00
8.970000000000000195e-01 -7.116261801091702033e+00
8.980000000000000204e-01 -7.116467228592122218e+00
8.990000000000000213e-01 -7.116679503093374493e+00
9.000000000000000222e-01 -7.116898803278323804e+00
9.010000000000000231e-01 -7.117125307469970963e+00
9.020000000000000240e-01 -7.117359193603587819e+00
9.030000000000000249e-01 -7.117600639198839119e+00
9.040000000000000258e-01 -7.117849821331912352e+00
9.050000000000000266e-01 -7.118106916607645829e+00
9.060000000000000275e-01 -7.118372101131654084e+00
9.070000000000000284e-01 -7.118645550482455064e+00
9.080000000000000293e-01 -7.118927439683600866e+00
9.090000000000000302e-01 -7.119217943175803143e+00
9.100000000000000311e-01 -7.119517234789057625e+00
9.110000000000000320e-01 -7.119825487714777523e+00
9.120000000000000329e-01 -7.120142874477917161e+00
9.130000000000000338e-01 -7.120469566909099157e+00
9.140000000000000346e-01 -7.120805736116741613e+00
9.150000000000000355e-01 -7.121151552459190626e+00
9.160000000000000364e-01 -7.121507185516839478e+00
9.170000000000000373e-01 -7.121872804064262930e+00
9.180000000000000382e-01 -7.122248576042341739e+00
9.190000000000000391e-01 -7.122634668530389845e+00
9.200000000000000400e-01 -7.123031247718282444e+00
9.210000000000000409e-01 -7.123438478878584057e+00
9.220000000000000417e-01 -7.123856526338673945e+00
9.230000000000000426e-01 -7.124285553452875952e+00
9.240000000000000435e-01 -7.124725722574585696e+00
9.250000000000000444e-01 -7.125177195028395083e+00
9.260000000000000453e-01 -7.125640131082223050e+00
9.270000000000000462e-01 -7.126114689919440970e+00
9.280000000000000471e-01 -7.126601029611001614e+00
9.290000000000000480e-01 -7.127099307087566338e+00
9.300000000000000488e-01 -7.127609678111630487e+00
9.310000000000000497e-01 -7.128132297249652360e+00
9.320000000000000506e-01 -7.128667317844183060e+00
9.330000000000000515e-01 -7.129214891985988345e+00
9.340000000000000524e-01 -7.129775170486182034e+00
9.350000000000000533e-01 -7.130348302848347863e+00
9.360000000000000542e-01 -7.130934437240671109e+00
9.370000000000000551e-01 -7.131533720468064885e+00
9.380000000000000560e-01 -7.132146297944296442e+00
9.390000000000000568e-01 -7.132772313664115238e+00
9.400000000000000577e-01 -7.133411910175382786e+00
9.410000000000000586e-01 -7.134065228551193627e+00
9.420000000000000595e-01 -7.134732408362011391e+00
9.430000000000000604e-01 -7.135413587647788880e+00
9.440000000000000613e-01 -7.136108902890099692e+00
9.450000000000000622e-01 -7.136818488984262743e+00
9.460000000000000631e-01 -7.137542479211473889e+00
9.470000000000000639e-01 -7.138281005210929564e+00
9.480000000000000648e-01 -7.139034196951954847e+00
9.490000000000000657e-01 -7.139802182706131539e+00
9.500000000000000666e-01 -7.140585089019427123e+00
9.510000000000000675e-01 -7.141383040684318395e+00
9.520000000000000684e-01 -7.142196160711922204e+00
9.530000000000000693e-01 -7.143024570304121745e+00
9.540000000000000702e-01 -7.143868388825694637e+00
9.550000000000000711e-01 -7.144727733776439216e+00
9.560000000000000719e-01 -7.145602720763301718e+00
9.570000000000000728e-01 -7.146493463472505248e+00
9.580000000000000737e-01 -7.147400073641676954e+00
9.590000000000000746e-01 -7.148322661031973446e+00
9.599999999999999645e-01 -7.149261333400210638e+00
9.609999999999999654e-01 -7.150216196470990937e+00
9.619999999999999662e-01 -7.151187353908829536e+00
9.629999999999999671e-01 -7.152174907290280714e+00
9.639999999999999680e-01 -7.153178956076069461e+00
9.649999999999999689e-01 -7.154199597583213333e+00
9.659999999999999698e-01 -7.155236926957156740e+00
9.669999999999999707e-01 -7.156291037143891032e+00
9.679999999999999716e-01 -7.157362018862087893e+00
9.689999999999999725e-01 -7.158449960575221205e+00
9.699999999999999734e-01 -7.159554948463699553e+00
9.709999999999999742e-01 -7.160677066396993418e+00
9.719999999999999751e-01 -7.161816395905756139e+00
9.729999999999999760e-01 -7.162973016153960870e+00
9.739999999999999769e-01 -7.164147003911020661e+00
9.749999999999999778e-01 -7.165338433523918305e+00
9.759999999999999787e-01 -7.166547376889333520e+00
9.769999999999999796e-01 -7.167773903425772808e+00
9.779999999999999805e-01 -7.169018080045693075e+00
9.789999999999999813e-01 -7.170279971127631491e+00
9.799999999999999822e-01 -7.171559638488330890e+00
9.809999999999999831e-01 -7.172857141354870514e+00
9.819999999999999840e-01 -7.174172536336790529e+00
9.829999999999999849e-01 -7.175505877398219212e+00
9.839999999999999858e-01 -7.176857215830003689e+00
9.849999999999999867e-01 -7.178226600221834452e+00
9.859999999999999876e-01 -7.179614076434371661e+00
9.869999999999999885e-01 -7.181019687571377652e+00
9.879999999999999893e-01 -7.182443473951837909e+00
9.889999999999999902e-01 -7.183885473082095352e+00
9.899999999999999911e-01 -7.185345719627971306e+00
9.909999999999999920e-01 -7.186824245386896237e+00
9.919999999999999929e-01 -7.188321079260037827e+00
9.929999999999999938e-01 -7.189836247224427268e+00
9.939999999999999947e-01 -7.191369772305084673e+00
9.949999999999999956e-01 -7.192921674547151589e+00
9.959999999999999964e-01 -7.194491970988013740e+00
9.969999999999999973e-01 -7.196080675629429990e+00
9.979999999999999982e-01 -7.197687799409659526e+00
9.989999999999999991e-01 -7.199313350175591708e+00
1.000000000000000000e+00 -7.200957332654869703e+00
