Fe1         1.0100000e+00  1.0100000e+00  1.0100000e+00 
Fe2         3.0300000e+00  3.0300000e+00  1.0100000e+00 
Fe1         3.0300000e+00  1.0100000e+00  3.0300000e+00 
Fe2         1.0100000e+00  3.0300000e+00  3.0300000e+00 
Fe1         1.0100000e+00  1.0100000e+00  5.0500000e+00 
Fe2         3.0300000e+00  3.0300000e+00  5.0500000e+00 
Fe1         3.0300000e+00  1.0100000e+00  7.0700000e+00 
Fe2         1.0100000e+00  3.0300000e+00  7.0700000e+00 
Fe1         1.0100000e+00  1.0100000e+00  9.0900000e+00 
Fe2         3.0300000e+00  3.0300000e+00  9.0900000e+00 
Fe1         3.0300000e+00  1.0100000e+00  1.1110000e+01 
Fe2         1.0100000e+00  3.0300000e+00  1.1110000e+01 
Fe1         1.0100000e+00  1.0100000e+00  1.3130000e+01 
Fe2         3.0300000e+00  3.0300000e+00  1.3130000e+01 
Fe1         3.0300000e+00  1.0100000e+00  1.5150000e+01 
Fe2         1.0100000e+00  3.0300000e+00  1.5150000e+01 
Fe1         1.0100000e+00  5.0500000e+00  1.0100000e+00 
Fe2         3.0300000e+00  7.0700000e+00  1.0100000e+00 
Fe1         3.0300000e+00  5.0500000e+00  3.0300000e+00 
Fe2         1.0100000e+00  7.0700000e+00  3.0300000e+00 
Fe1         1.0100000e+00  5.0500000e+00  5.0500000e+00 
Fe2         3.0300000e+00  7.0700000e+00  5.0500000e+00 
Fe1         3.0300000e+00  5.0500000e+00  7.0700000e+00 
Fe2         1.0100000e+00  7.0700000e+00  7.0700000e+00 
Fe1         1.0100000e+00  5.0500000e+00  9.0900000e+00 
Fe2         3.0300000e+00  7.0700000e+00  9.0900000e+00 
Fe1         3.0300000e+00  5.0500000e+00  1.1110000e+01 
Fe2         1.0100000e+00  7.0700000e+00  1.1110000e+01 
Fe1         1.0100000e+00  5.0500000e+00  1.3130000e+01 
Fe2         3.0300000e+00  7.0700000e+00  1.3130000e+01 
Fe1         3.0300000e+00  5.0500000e+00  1.5150000e+01 
Fe2         1.0100000e+00  7.0700000e+00  1.5150000e+01 
Fe1         1.0100000e+00  9.0900000e+00  1.0100000e+00 
Fe2         3.0300000e+00  1.1110000e+01  1.0100000e+00 
Fe1         3.0300000e+00  9.0900000e+00  3.0300000e+00 
Fe2         1.0100000e+00  1.1110000e+01  3.0300000e+00 
Fe1         1.0100000e+00  9.0900000e+00  5.0500000e+00 
Fe2         3.0300000e+00  1.1110000e+01  5.0500000e+00 
Fe1         3.0300000e+00  9.0900000e+00  7.0700000e+00 
Fe2         1.0100000e+00  1.1110000e+01  7.0700000e+00 
Fe1         1.0100000e+00  9.0900000e+00  9.0900000e+00 
Fe2         3.0300000e+00  1.1110000e+01  9.0900000e+00 
Fe1         3.0300000e+00  9.0900000e+00  1.1110000e+01 
Fe2         1.0100000e+00  1.1110000e+01  1.1110000e+01 
Fe1         1.0100000e+00  9.0900000e+00  1.3130000e+01 
Fe2         3.0300000e+00  1.1110000e+01  1.3130000e+01 
Fe1         3.0300000e+00  9.0900000e+00  1.5150000e+01 
Fe2         1.0100000e+00  1.1110000e+01  1.5150000e+01 
Fe1         1.0100000e+00  1.3130000e+01  1.0100000e+00 
Fe2         3.0300000e+00  1.5150000e+01  1.0100000e+00 
Fe1         3.0300000e+00  1.3130000e+01  3.0300000e+00 
Fe2         1.0100000e+00  1.5150000e+01  3.0300000e+00 
Fe1         1.0100000e+00  1.3130000e+01  5.0500000e+00 
Fe2         3.0300000e+00  1.5150000e+01  5.0500000e+00 
Fe1         3.0300000e+00  1.3130000e+01  7.0700000e+00 
Fe2         1.0100000e+00  1.5150000e+01  7.0700000e+00 
Fe1         1.0100000e+00  1.3130000e+01  9.0900000e+00 
Fe2         3.0300000e+00  1.5150000e+01  9.0900000e+00 
Fe1         3.0300000e+00  1.3130000e+01  1.1110000e+01 
Fe2         1.0100000e+00  1.5150000e+01  1.1110000e+01 
Fe1         1.0100000e+00  1.3130000e+01  1.3130000e+01 
Fe2         3.0300000e+00  1.5150000e+01  1.3130000e+01 
Fe1         3.0300000e+00  1.3130000e+01  1.5150000e+01 
Fe2         1.0100000e+00  1.5150000e+01  1.5150000e+01 
Fe1         5.0500000e+00  1.0100000e+00  1.0100000e+00 
Fe2         7.0700000e+00  3.0300000e+00  1.0100000e+00 
Fe1         7.0700000e+00  1.0100000e+00  3.0300000e+00 
Fe2         5.0500000e+00  3.0300000e+00  3.0300000e+00 
Fe1         5.0500000e+00  1.0100000e+00  5.0500000e+00 
Fe2         7.0700000e+00  3.0300000e+00  5.0500000e+00 
Fe1         7.0700000e+00  1.0100000e+00  7.0700000e+00 
Fe2         5.0500000e+00  3.0300000e+00  7.0700000e+00 
Fe1         5.0500000e+00  1.0100000e+00  9.0900000e+00 
Fe2         7.0700000e+00  3.0300000e+00  9.0900000e+00 
Fe1         7.0700000e+00  1.0100000e+00  1.1110000e+01 
Fe2         5.0500000e+00  3.0300000e+00  1.1110000e+01 
Fe1         5.0500000e+00  1.0100000e+00  1.3130000e+01 
Fe2         7.0700000e+00  3.0300000e+00  1.3130000e+01 
Fe1         7.0700000e+00  1.0100000e+00  1.5150000e+01 
Fe2         5.0500000e+00  3.0300000e+00  1.5150000e+01 
Fe1         5.0500000e+00  5.0500000e+00  1.0100000e+00 
Fe2         7.0700000e+00  7.0700000e+00  1.0100000e+00 
Fe1         7.0700000e+00  5.0500000e+00  3.0300000e+00 
Fe2         5.0500000e+00  7.0700000e+00  3.0300000e+00 
Fe1         5.0500000e+00  5.0500000e+00  5.0500000e+00 
Fe2         7.0700000e+00  7.0700000e+00  5.0500000e+00 
Fe1         7.0700000e+00  5.0500000e+00  7.0700000e+00 
Fe2         5.0500000e+00  7.0700000e+00  7.0700000e+00 
Fe1         5.0500000e+00  5.0500000e+00  9.0900000e+00 
Fe2         7.0700000e+00  7.0700000e+00  9.0900000e+00 
Fe1         7.0700000e+00  5.0500000e+00  1.1110000e+01 
Fe2         5.0500000e+00  7.0700000e+00  1.1110000e+01 
Fe1         5.0500000e+00  5.0500000e+00  1.3130000e+01 
Fe2         7.0700000e+00  7.0700000e+00  1.3130000e+01 
Fe1         7.0700000e+00  5.0500000e+00  1.5150000e+01 
Fe2         5.0500000e+00  7.0700000e+00  1.5150000e+01 
Fe1         5.0500000e+00  9.0900000e+00  1.0100000e+00 
Fe2         7.0700000e+00  1.1110000e+01  1.0100000e+00 
Fe1         7.0700000e+00  9.0900000e+00  3.0300000e+00 
Fe2         5.0500000e+00  1.1110000e+01  3.0300000e+00 
Fe1         5.0500000e+00  9.0900000e+00  5.0500000e+00 
Fe2         7.0700000e+00  1.1110000e+01  5.0500000e+00 
Fe1         7.0700000e+00  9.0900000e+00  7.0700000e+00 
Fe2         5.0500000e+00  1.1110000e+01  7.0700000e+00 
Fe1         5.0500000e+00  9.0900000e+00  9.0900000e+00 
Fe2         7.0700000e+00  1.1110000e+01  9.0900000e+00 
Fe1         7.0700000e+00  9.0900000e+00  1.1110000e+01 
Fe2         5.0500000e+00  1.1110000e+01  1.1110000e+01 
Fe1         5.0500000e+00  9.0900000e+00  1.3130000e+01 
Fe2         7.0700000e+00  1.1110000e+01  1.3130000e+01 
Fe1         7.0700000e+00  9.0900000e+00  1.5150000e+01 
Fe2         5.0500000e+00  1.1110000e+01  1.5150000e+01 
Fe1         5.0500000e+00  1.3130000e+01  1.0100000e+00 
Fe2         7.0700000e+00  1.5150000e+01  1.0100000e+00 
Fe1         7.0700000e+00  1.3130000e+01  3.0300000e+00 
Fe2         5.0500000e+00  1.5150000e+01  3.0300000e+00 
Fe1         5.0500000e+00  1.3130000e+01  5.0500000e+00 
Fe2         7.0700000e+00  1.5150000e+01  5.0500000e+00 
Fe1         7.0700000e+00  1.3130000e+01  7.0700000e+00 
Fe2         5.0500000e+00  1.5150000e+01  7.0700000e+00 
Fe1         5.0500000e+00  1.3130000e+01  9.0900000e+00 
Fe2         7.0700000e+00  1.5150000e+01  9.0900000e+00 
Fe1         7.0700000e+00  1.3130000e+01  1.1110000e+01 
Fe2         5.0500000e+00  1.5150000e+01  1.1110000e+01 
Fe1         5.0500000e+00  1.3130000e+01  1.3130000e+01 
Fe2         7.0700000e+00  1.5150000e+01  1.3130000e+01 
Fe1         7.0700000e+00  1.3130000e+01  1.5150000e+01 
Fe2         5.0500000e+00  1.5150000e+01  1.5150000e+01 
Fe1         9.0900000e+00  1.0100000e+00  1.0100000e+00 
Fe2         1.1110000e+01  3.0300000e+00  1.0100000e+00 
Fe1         1.1110000e+01  1.0100000e+00  3.0300000e+00 
Fe2         9.0900000e+00  3.0300000e+00  3.0300000e+00 
Fe1         9.0900000e+00  1.0100000e+00  5.0500000e+00 
Fe2         1.1110000e+01  3.0300000e+00  5.0500000e+00 
Fe1         1.1110000e+01  1.0100000e+00  7.0700000e+00 
Fe2         9.0900000e+00  3.0300000e+00  7.0700000e+00 
Fe1         9.0900000e+00  1.0100000e+00  9.0900000e+00 
Fe2         1.1110000e+01  3.0300000e+00  9.0900000e+00 
Fe1         1.1110000e+01  1.0100000e+00  1.1110000e+01 
Fe2         9.0900000e+00  3.0300000e+00  1.1110000e+01 
Fe1         9.0900000e+00  1.0100000e+00  1.3130000e+01 
Fe2         1.1110000e+01  3.0300000e+00  1.3130000e+01 
Fe1         1.1110000e+01  1.0100000e+00  1.5150000e+01 
Fe2         9.0900000e+00  3.0300000e+00  1.5150000e+01 
Fe1         9.0900000e+00  5.0500000e+00  1.0100000e+00 
Fe2         1.1110000e+01  7.0700000e+00  1.0100000e+00 
Fe1         1.1110000e+01  5.0500000e+00  3.0300000e+00 
Fe2         9.0900000e+00  7.0700000e+00  3.0300000e+00 
Fe1         9.0900000e+00  5.0500000e+00  5.0500000e+00 
Fe2         1.1110000e+01  7.0700000e+00  5.0500000e+00 
Fe1         1.1110000e+01  5.0500000e+00  7.0700000e+00 
Fe2         9.0900000e+00  7.0700000e+00  7.0700000e+00 
Fe1         9.0900000e+00  5.0500000e+00  9.0900000e+00 
Fe2         1.1110000e+01  7.0700000e+00  9.0900000e+00 
Fe1         1.1110000e+01  5.0500000e+00  1.1110000e+01 
Fe2         9.0900000e+00  7.0700000e+00  1.1110000e+01 
Fe1         9.0900000e+00  5.0500000e+00  1.3130000e+01 
Fe2         1.1110000e+01  7.0700000e+00  1.3130000e+01 
Fe1         1.1110000e+01  5.0500000e+00  1.5150000e+01 
Fe2         9.0900000e+00  7.0700000e+00  1.5150000e+01 
Fe1         9.0900000e+00  9.0900000e+00  1.0100000e+00 
Fe2         1.1110000e+01  1.1110000e+01  1.0100000e+00 
Fe1         1.1110000e+01  9.0900000e+00  3.0300000e+00 
Fe2         9.0900000e+00  1.1110000e+01  3.0300000e+00 
Fe1         9.0900000e+00  9.0900000e+00  5.0500000e+00 
Fe2         1.1110000e+01  1.1110000e+01  5.0500000e+00 
Fe1         1.1110000e+01  9.0900000e+00  7.0700000e+00 
Fe2         9.0900000e+00  1.1110000e+01  7.0700000e+00 
Fe1         9.0900000e+00  9.0900000e+00  9.0900000e+00 
Fe2         1.1110000e+01  1.1110000e+01  9.0900000e+00 
Fe1         1.1110000e+01  9.0900000e+00  1.1110000e+01 
Fe2         9.0900000e+00  1.1110000e+01  1.1110000e+01 
Fe1         9.0900000e+00  9.0900000e+00  1.3130000e+01 
Fe2         1.1110000e+01  1.1110000e+01  1.3130000e+01 
Fe1         1.1110000e+01  9.0900000e+00  1.5150000e+01 
Fe2         9.0900000e+00  1.1110000e+01  1.5150000e+01 
Fe1         9.0900000e+00  1.3130000e+01  1.0100000e+00 
Fe2         1.1110000e+01  1.5150000e+01  1.0100000e+00 
Fe1         1.1110000e+01  1.3130000e+01  3.0300000e+00 
Fe2         9.0900000e+00  1.5150000e+01  3.0300000e+00 
Fe1         9.0900000e+00  1.3130000e+01  5.0500000e+00 
Fe2         1.1110000e+01  1.5150000e+01  5.0500000e+00 
Fe1         1.1110000e+01  1.3130000e+01  7.0700000e+00 
Fe2         9.0900000e+00  1.5150000e+01  7.0700000e+00 
Fe1         9.0900000e+00  1.3130000e+01  9.0900000e+00 
Fe2         1.1110000e+01  1.5150000e+01  9.0900000e+00 
Fe1         1.1110000e+01  1.3130000e+01  1.1110000e+01 
Fe2         9.0900000e+00  1.5150000e+01  1.1110000e+01 
Fe1         9.0900000e+00  1.3130000e+01  1.3130000e+01 
Fe2         1.1110000e+01  1.5150000e+01  1.3130000e+01 
Fe1         1.1110000e+01  1.3130000e+01  1.5150000e+01 
Fe2         9.0900000e+00  1.5150000e+01  1.5150000e+01 
Fe1         1.3130000e+01  1.0100000e+00  1.0100000e+00 
Fe2         1.5150000e+01  3.0300000e+00  1.0100000e+00 
Fe1         1.5150000e+01  1.0100000e+00  3.0300000e+00 
Fe2         1.3130000e+01  3.0300000e+00  3.0300000e+00 
Fe1         1.3130000e+01  1.0100000e+00  5.0500000e+00 
Fe2         1.5150000e+01  3.0300000e+00  5.0500000e+00 
Fe1         1.5150000e+01  1.0100000e+00  7.0700000e+00 
Fe2         1.3130000e+01  3.0300000e+00  7.0700000e+00 
Fe1         1.3130000e+01  1.0100000e+00  9.0900000e+00 
Fe2         1.5150000e+01  3.0300000e+00  9.0900000e+00 
Fe1         1.5150000e+01  1.0100000e+00  1.1110000e+01 
Fe2         1.3130000e+01  3.0300000e+00  1.1110000e+01 
Fe1         1.3130000e+01  1.0100000e+00  1.3130000e+01 
Fe2         1.5150000e+01  3.0300000e+00  1.3130000e+01 
Fe1         1.5150000e+01  1.0100000e+00  1.5150000e+01 
Fe2         1.3130000e+01  3.0300000e+00  1.5150000e+01 
Fe1         1.3130000e+01  5.0500000e+00  1.0100000e+00 
Fe2         1.5150000e+01  7.0700000e+00  1.0100000e+00 
Fe1         1.5150000e+01  5.0500000e+00  3.0300000e+00 
Fe2         1.3130000e+01  7.0700000e+00  3.0300000e+00 
Fe1         1.3130000e+01  5.0500000e+00  5.0500000e+00 
Fe2         1.5150000e+01  7.0700000e+00  5.0500000e+00 
Fe1         1.5150000e+01  5.0500000e+00  7.0700000e+00 
Fe2         1.3130000e+01  7.0700000e+00  7.0700000e+00 
Fe1         1.3130000e+01  5.0500000e+00  9.0900000e+00 
Fe2         1.5150000e+01  7.0700000e+00  9.0900000e+00 
Fe1         1.5150000e+01  5.0500000e+00  1.1110000e+01 
Fe2         1.3130000e+01  7.0700000e+00  1.1110000e+01 
Fe1         1.3130000e+01  5.0500000e+00  1.3130000e+01 
Fe2         1.5150000e+01  7.0700000e+00  1.3130000e+01 
Fe1         1.5150000e+01  5.0500000e+00  1.5150000e+01 
Fe2         1.3130000e+01  7.0700000e+00  1.5150000e+01 
Fe1         1.3130000e+01  9.0900000e+00  1.0100000e+00 
Fe2         1.5150000e+01  1.1110000e+01  1.0100000e+00 
Fe1         1.5150000e+01  9.0900000e+00  3.0300000e+00 
Fe2         1.3130000e+01  1.1110000e+01  3.0300000e+00 
Fe1         1.3130000e+01  9.0900000e+00  5.0500000e+00 
Fe2         1.5150000e+01  1.1110000e+01  5.0500000e+00 
Fe1         1.5150000e+01  9.0900000e+00  7.0700000e+00 
Fe2         1.3130000e+01  1.1110000e+01  7.0700000e+00 
Fe1         1.3130000e+01  9.0900000e+00  9.0900000e+00 
Fe2         1.5150000e+01  1.1110000e+01  9.0900000e+00 
Fe1         1.5150000e+01  9.0900000e+00  1.1110000e+01 
Fe2         1.3130000e+01  1.1110000e+01  1.1110000e+01 
Fe1         1.3130000e+01  9.0900000e+00  1.3130000e+01 
Fe2         1.5150000e+01  1.1110000e+01  1.3130000e+01 
Fe1         1.5150000e+01  9.0900000e+00  1.5150000e+01 
Fe2         1.3130000e+01  1.1110000e+01  1.5150000e+01 
Fe1         1.3130000e+01  1.3130000e+01  1.0100000e+00 
Fe2         1.5150000e+01  1.5150000e+01  1.0100000e+00 
Fe1         1.5150000e+01  1.3130000e+01  3.0300000e+00 
Fe2         1.3130000e+01  1.5150000e+01  3.0300000e+00 
Fe1         1.3130000e+01  1.3130000e+01  5.0500000e+00 
Fe2         1.5150000e+01  1.5150000e+01  5.0500000e+00 
Fe1         1.5150000e+01  1.3130000e+01  7.0700000e+00 
Fe2         1.3130000e+01  1.5150000e+01  7.0700000e+00 
Fe1         1.3130000e+01  1.3130000e+01  9.0900000e+00 
Fe2         1.5150000e+01  1.5150000e+01  9.0900000e+00 
Fe1         1.5150000e+01  1.3130000e+01  1.1110000e+01 
Fe2         1.3130000e+01  1.5150000e+01  1.1110000e+01 
Fe1         1.3130000e+01  1.3130000e+01  1.3130000e+01 
Fe2         1.5150000e+01  1.5150000e+01  1.3130000e+01 
Fe1         1.5150000e+01  1.3130000e+01  1.5150000e+01 
Fe2         1.3130000e+01  1.5150000e+01  1.5150000e+01 
