Fe1         6.2500000e-02  6.2500000e-02  6.2500000e-02 
Fe2         1.8750000e-01  1.8750000e-01  6.2500000e-02 
Fe1         1.8750000e-01  6.2500000e-02  1.8750000e-01 
Fe2         6.2500000e-02  1.8750000e-01  1.8750000e-01 
Fe1         6.2500000e-02  6.2500000e-02  3.1250000e-01 
Fe2         1.8750000e-01  1.8750000e-01  3.1250000e-01 
Fe1         1.8750000e-01  6.2500000e-02  4.3750000e-01 
Fe2         6.2500000e-02  1.8750000e-01  4.3750000e-01 
Fe1         6.2500000e-02  6.2500000e-02  5.6250000e-01 
Fe2         1.8750000e-01  1.8750000e-01  5.6250000e-01 
Fe1         1.8750000e-01  6.2500000e-02  6.8750000e-01 
Fe2         6.2500000e-02  1.8750000e-01  6.8750000e-01 
Fe1         6.2500000e-02  6.2500000e-02  8.1250000e-01 
Fe2         1.8750000e-01  1.8750000e-01  8.1250000e-01 
Fe1         1.8750000e-01  6.2500000e-02  9.3750000e-01 
Fe2         6.2500000e-02  1.8750000e-01  9.3750000e-01 
Fe1         6.2500000e-02  3.1250000e-01  6.2500000e-02 
Fe2         1.8750000e-01  4.3750000e-01  6.2500000e-02 
Fe1         1.8750000e-01  3.1250000e-01  1.8750000e-01 
Fe2         6.2500000e-02  4.3750000e-01  1.8750000e-01 
Fe1         6.2500000e-02  3.1250000e-01  3.1250000e-01 
Fe2         1.8750000e-01  4.3750000e-01  3.1250000e-01 
Fe1         1.8750000e-01  3.1250000e-01  4.3750000e-01 
Fe2         6.2500000e-02  4.3750000e-01  4.3750000e-01 
Fe1         6.2500000e-02  3.1250000e-01  5.6250000e-01 
Fe2         1.8750000e-01  4.3750000e-01  5.6250000e-01 
Fe1         1.8750000e-01  3.1250000e-01  6.8750000e-01 
Fe2         6.2500000e-02  4.3750000e-01  6.8750000e-01 
Fe1         6.2500000e-02  3.1250000e-01  8.1250000e-01 
Fe2         1.8750000e-01  4.3750000e-01  8.1250000e-01 
Fe1         1.8750000e-01  3.1250000e-01  9.3750000e-01 
Fe2         6.2500000e-02  4.3750000e-01  9.3750000e-01 
Fe1         6.2500000e-02  5.6250000e-01  6.2500000e-02 
Fe2         1.8750000e-01  6.8750000e-01  6.2500000e-02 
Fe1         1.8750000e-01  5.6250000e-01  1.8750000e-01 
Fe2         6.2500000e-02  6.8750000e-01  1.8750000e-01 
Fe1         6.2500000e-02  5.6250000e-01  3.1250000e-01 
Fe2         1.8750000e-01  6.8750000e-01  3.1250000e-01 
Fe1         1.8750000e-01  5.6250000e-01  4.3750000e-01 
Fe2         6.2500000e-02  6.8750000e-01  4.3750000e-01 
Fe1         6.2500000e-02  5.6250000e-01  5.6250000e-01 
Fe2         1.8750000e-01  6.8750000e-01  5.6250000e-01 
Fe1         1.8750000e-01  5.6250000e-01  6.8750000e-01 
Fe2         6.2500000e-02  6.8750000e-01  6.8750000e-01 
Fe1         6.2500000e-02  5.6250000e-01  8.1250000e-01 
Fe2         1.8750000e-01  6.8750000e-01  8.1250000e-01 
Fe1         1.8750000e-01  5.6250000e-01  9.3750000e-01 
Fe2         6.2500000e-02  6.8750000e-01  9.3750000e-01 
Fe1         6.2500000e-02  8.1250000e-01  6.2500000e-02 
Fe2         1.8750000e-01  9.3750000e-01  6.2500000e-02 
Fe1         1.8750000e-01  8.1250000e-01  1.8750000e-01 
Fe2         6.2500000e-02  9.3750000e-01  1.8750000e-01 
Fe1         6.2500000e-02  8.1250000e-01  3.1250000e-01 
Fe2         1.8750000e-01  9.3750000e-01  3.1250000e-01 
Fe1         1.8750000e-01  8.1250000e-01  4.3750000e-01 
Fe2         6.2500000e-02  9.3750000e-01  4.3750000e-01 
Fe1         6.2500000e-02  8.1250000e-01  5.6250000e-01 
Fe2         1.8750000e-01  9.3750000e-01  5.6250000e-01 
Fe1         1.8750000e-01  8.1250000e-01  6.8750000e-01 
Fe2         6.2500000e-02  9.3750000e-01  6.8750000e-01 
Fe1         6.2500000e-02  8.1250000e-01  8.1250000e-01 
Fe2         1.8750000e-01  9.3750000e-01  8.1250000e-01 
Fe1         1.8750000e-01  8.1250000e-01  9.3750000e-01 
Fe2         6.2500000e-02  9.3750000e-01  9.3750000e-01 
Fe1         3.1250000e-01  6.2500000e-02  6.2500000e-02 
Fe2         4.3750000e-01  1.8750000e-01  6.2500000e-02 
Fe1         4.3750000e-01  6.2500000e-02  1.8750000e-01 
Fe2         3.1250000e-01  1.8750000e-01  1.8750000e-01 
Fe1         3.1250000e-01  6.2500000e-02  3.1250000e-01 
Fe2         4.3750000e-01  1.8750000e-01  3.1250000e-01 
Fe1         4.3750000e-01  6.2500000e-02  4.3750000e-01 
Fe2         3.1250000e-01  1.8750000e-01  4.3750000e-01 
Fe1         3.1250000e-01  6.2500000e-02  5.6250000e-01 
Fe2         4.3750000e-01  1.8750000e-01  5.6250000e-01 
Fe1         4.3750000e-01  6.2500000e-02  6.8750000e-01 
Fe2         3.1250000e-01  1.8750000e-01  6.8750000e-01 
Fe1         3.1250000e-01  6.2500000e-02  8.1250000e-01 
Fe2         4.3750000e-01  1.8750000e-01  8.1250000e-01 
Fe1         4.3750000e-01  6.2500000e-02  9.3750000e-01 
Fe2         3.1250000e-01  1.8750000e-01  9.3750000e-01 
Fe1         3.1250000e-01  3.1250000e-01  6.2500000e-02 
Fe2         4.3750000e-01  4.3750000e-01  6.2500000e-02 
Fe1         4.3750000e-01  3.1250000e-01  1.8750000e-01 
Fe2         3.1250000e-01  4.3750000e-01  1.8750000e-01 
Fe1         3.1250000e-01  3.1250000e-01  3.1250000e-01 
Fe2         4.3750000e-01  4.3750000e-01  3.1250000e-01 
Fe1         4.3750000e-01  3.1250000e-01  4.3750000e-01 
Fe2         3.1250000e-01  4.3750000e-01  4.3750000e-01 
Fe1         3.1250000e-01  3.1250000e-01  5.6250000e-01 
Fe2         4.3750000e-01  4.3750000e-01  5.6250000e-01 
Fe1         4.3750000e-01  3.1250000e-01  6.8750000e-01 
Fe2         3.1250000e-01  4.3750000e-01  6.8750000e-01 
Fe1         3.1250000e-01  3.1250000e-01  8.1250000e-01 
Fe2         4.3750000e-01  4.3750000e-01  8.1250000e-01 
Fe1         4.3750000e-01  3.1250000e-01  9.3750000e-01 
Fe2         3.1250000e-01  4.3750000e-01  9.3750000e-01 
Fe1         3.1250000e-01  5.6250000e-01  6.2500000e-02 
Fe2         4.3750000e-01  6.8750000e-01  6.2500000e-02 
Fe1         4.3750000e-01  5.6250000e-01  1.8750000e-01 
Fe2         3.1250000e-01  6.8750000e-01  1.8750000e-01 
Fe1         3.1250000e-01  5.6250000e-01  3.1250000e-01 
Fe2         4.3750000e-01  6.8750000e-01  3.1250000e-01 
Fe1         4.3750000e-01  5.6250000e-01  4.3750000e-01 
Fe2         3.1250000e-01  6.8750000e-01  4.3750000e-01 
Fe1         3.1250000e-01  5.6250000e-01  5.6250000e-01 
Fe2         4.3750000e-01  6.8750000e-01  5.6250000e-01 
Fe1         4.3750000e-01  5.6250000e-01  6.8750000e-01 
Fe2         3.1250000e-01  6.8750000e-01  6.8750000e-01 
Fe1         3.1250000e-01  5.6250000e-01  8.1250000e-01 
Fe2         4.3750000e-01  6.8750000e-01  8.1250000e-01 
Fe1         4.3750000e-01  5.6250000e-01  9.3750000e-01 
Fe2         3.1250000e-01  6.8750000e-01  9.3750000e-01 
Fe1         3.1250000e-01  8.1250000e-01  6.2500000e-02 
Fe2         4.3750000e-01  9.3750000e-01  6.2500000e-02 
Fe1         4.3750000e-01  8.1250000e-01  1.8750000e-01 
Fe2         3.1250000e-01  9.3750000e-01  1.8750000e-01 
Fe1         3.1250000e-01  8.1250000e-01  3.1250000e-01 
Fe2         4.3750000e-01  9.3750000e-01  3.1250000e-01 
Fe1         4.3750000e-01  8.1250000e-01  4.3750000e-01 
Fe2         3.1250000e-01  9.3750000e-01  4.3750000e-01 
Fe1         3.1250000e-01  8.1250000e-01  5.6250000e-01 
Fe2         4.3750000e-01  9.3750000e-01  5.6250000e-01 
Fe1         4.3750000e-01  8.1250000e-01  6.8750000e-01 
Fe2         3.1250000e-01  9.3750000e-01  6.8750000e-01 
Fe1         3.1250000e-01  8.1250000e-01  8.1250000e-01 
Fe2         4.3750000e-01  9.3750000e-01  8.1250000e-01 
Fe1         4.3750000e-01  8.1250000e-01  9.3750000e-01 
Fe2         3.1250000e-01  9.3750000e-01  9.3750000e-01 
Fe1         5.6250000e-01  6.2500000e-02  6.2500000e-02 
Fe2         6.8750000e-01  1.8750000e-01  6.2500000e-02 
Fe1         6.8750000e-01  6.2500000e-02  1.8750000e-01 
Fe2         5.6250000e-01  1.8750000e-01  1.8750000e-01 
Fe1         5.6250000e-01  6.2500000e-02  3.1250000e-01 
Fe2         6.8750000e-01  1.8750000e-01  3.1250000e-01 
Fe1         6.8750000e-01  6.2500000e-02  4.3750000e-01 
Fe2         5.6250000e-01  1.8750000e-01  4.3750000e-01 
Fe1         5.6250000e-01  6.2500000e-02  5.6250000e-01 
Fe2         6.8750000e-01  1.8750000e-01  5.6250000e-01 
Fe1         6.8750000e-01  6.2500000e-02  6.8750000e-01 
Fe2         5.6250000e-01  1.8750000e-01  6.8750000e-01 
Fe1         5.6250000e-01  6.2500000e-02  8.1250000e-01 
Fe2         6.8750000e-01  1.8750000e-01  8.1250000e-01 
Fe1         6.8750000e-01  6.2500000e-02  9.3750000e-01 
Fe2         5.6250000e-01  1.8750000e-01  9.3750000e-01 
Fe1         5.6250000e-01  3.1250000e-01  6.2500000e-02 
Fe2         6.8750000e-01  4.3750000e-01  6.2500000e-02 
Fe1         6.8750000e-01  3.1250000e-01  1.8750000e-01 
Fe2         5.6250000e-01  4.3750000e-01  1.8750000e-01 
Fe1         5.6250000e-01  3.1250000e-01  3.1250000e-01 
Fe2         6.8750000e-01  4.3750000e-01  3.1250000e-01 
Fe1         6.8750000e-01  3.1250000e-01  4.3750000e-01 
Fe2         5.6250000e-01  4.3750000e-01  4.3750000e-01 
Fe1         5.6250000e-01  3.1250000e-01  5.6250000e-01 
Fe2         6.8750000e-01  4.3750000e-01  5.6250000e-01 
Fe1         6.8750000e-01  3.1250000e-01  6.8750000e-01 
Fe2         5.6250000e-01  4.3750000e-01  6.8750000e-01 
Fe1         5.6250000e-01  3.1250000e-01  8.1250000e-01 
Fe2         6.8750000e-01  4.3750000e-01  8.1250000e-01 
Fe1         6.8750000e-01  3.1250000e-01  9.3750000e-01 
Fe2         5.6250000e-01  4.3750000e-01  9.3750000e-01 
Fe1         5.6250000e-01  5.6250000e-01  6.2500000e-02 
Fe2         6.8750000e-01  6.8750000e-01  6.2500000e-02 
Fe1         6.8750000e-01  5.6250000e-01  1.8750000e-01 
Fe2         5.6250000e-01  6.8750000e-01  1.8750000e-01 
Fe1         5.6250000e-01  5.6250000e-01  3.1250000e-01 
Fe2         6.8750000e-01  6.8750000e-01  3.1250000e-01 
Fe1         6.8750000e-01  5.6250000e-01  4.3750000e-01 
Fe2         5.6250000e-01  6.8750000e-01  4.3750000e-01 
Fe1         5.6250000e-01  5.6250000e-01  5.6250000e-01 
Fe2         6.8750000e-01  6.8750000e-01  5.6250000e-01 
Fe1         6.8750000e-01  5.6250000e-01  6.8750000e-01 
Fe2         5.6250000e-01  6.8750000e-01  6.8750000e-01 
Fe1         5.6250000e-01  5.6250000e-01  8.1250000e-01 
Fe2         6.8750000e-01  6.8750000e-01  8.1250000e-01 
Fe1         6.8750000e-01  5.6250000e-01  9.3750000e-01 
Fe2         5.6250000e-01  6.8750000e-01  9.3750000e-01 
Fe1         5.6250000e-01  8.1250000e-01  6.2500000e-02 
Fe2         6.8750000e-01  9.3750000e-01  6.2500000e-02 
Fe1         6.8750000e-01  8.1250000e-01  1.8750000e-01 
Fe2         5.6250000e-01  9.3750000e-01  1.8750000e-01 
Fe1         5.6250000e-01  8.1250000e-01  3.1250000e-01 
Fe2         6.8750000e-01  9.3750000e-01  3.1250000e-01 
Fe1         6.8750000e-01  8.1250000e-01  4.3750000e-01 
Fe2         5.6250000e-01  9.3750000e-01  4.3750000e-01 
Fe1         5.6250000e-01  8.1250000e-01  5.6250000e-01 
Fe2         6.8750000e-01  9.3750000e-01  5.6250000e-01 
Fe1         6.8750000e-01  8.1250000e-01  6.8750000e-01 
Fe2         5.6250000e-01  9.3750000e-01  6.8750000e-01 
Fe1         5.6250000e-01  8.1250000e-01  8.1250000e-01 
Fe2         6.8750000e-01  9.3750000e-01  8.1250000e-01 
Fe1         6.8750000e-01  8.1250000e-01  9.3750000e-01 
Fe2         5.6250000e-01  9.3750000e-01  9.3750000e-01 
Fe1         8.1250000e-01  6.2500000e-02  6.2500000e-02 
Fe2         9.3750000e-01  1.8750000e-01  6.2500000e-02 
Fe1         9.3750000e-01  6.2500000e-02  1.8750000e-01 
Fe2         8.1250000e-01  1.8750000e-01  1.8750000e-01 
Fe1         8.1250000e-01  6.2500000e-02  3.1250000e-01 
Fe2         9.3750000e-01  1.8750000e-01  3.1250000e-01 
Fe1         9.3750000e-01  6.2500000e-02  4.3750000e-01 
Fe2         8.1250000e-01  1.8750000e-01  4.3750000e-01 
Fe1         8.1250000e-01  6.2500000e-02  5.6250000e-01 
Fe2         9.3750000e-01  1.8750000e-01  5.6250000e-01 
Fe1         9.3750000e-01  6.2500000e-02  6.8750000e-01 
Fe2         8.1250000e-01  1.8750000e-01  6.8750000e-01 
Fe1         8.1250000e-01  6.2500000e-02  8.1250000e-01 
Fe2         9.3750000e-01  1.8750000e-01  8.1250000e-01 
Fe1         9.3750000e-01  6.2500000e-02  9.3750000e-01 
Fe2         8.1250000e-01  1.8750000e-01  9.3750000e-01 
Fe1         8.1250000e-01  3.1250000e-01  6.2500000e-02 
Fe2         9.3750000e-01  4.3750000e-01  6.2500000e-02 
Fe1         9.3750000e-01  3.1250000e-01  1.8750000e-01 
Fe2         8.1250000e-01  4.3750000e-01  1.8750000e-01 
Fe1         8.1250000e-01  3.1250000e-01  3.1250000e-01 
Fe2         9.3750000e-01  4.3750000e-01  3.1250000e-01 
Fe1         9.3750000e-01  3.1250000e-01  4.3750000e-01 
Fe2         8.1250000e-01  4.3750000e-01  4.3750000e-01 
Fe1         8.1250000e-01  3.1250000e-01  5.6250000e-01 
Fe2         9.3750000e-01  4.3750000e-01  5.6250000e-01 
Fe1         9.3750000e-01  3.1250000e-01  6.8750000e-01 
Fe2         8.1250000e-01  4.3750000e-01  6.8750000e-01 
Fe1         8.1250000e-01  3.1250000e-01  8.1250000e-01 
Fe2         9.3750000e-01  4.3750000e-01  8.1250000e-01 
Fe1         9.3750000e-01  3.1250000e-01  9.3750000e-01 
Fe2         8.1250000e-01  4.3750000e-01  9.3750000e-01 
Fe1         8.1250000e-01  5.6250000e-01  6.2500000e-02 
Fe2         9.3750000e-01  6.8750000e-01  6.2500000e-02 
Fe1         9.3750000e-01  5.6250000e-01  1.8750000e-01 
Fe2         8.1250000e-01  6.8750000e-01  1.8750000e-01 
Fe1         8.1250000e-01  5.6250000e-01  3.1250000e-01 
Fe2         9.3750000e-01  6.8750000e-01  3.1250000e-01 
Fe1         9.3750000e-01  5.6250000e-01  4.3750000e-01 
Fe2         8.1250000e-01  6.8750000e-01  4.3750000e-01 
Fe1         8.1250000e-01  5.6250000e-01  5.6250000e-01 
Fe2         9.3750000e-01  6.8750000e-01  5.6250000e-01 
Fe1         9.3750000e-01  5.6250000e-01  6.8750000e-01 
Fe2         8.1250000e-01  6.8750000e-01  6.8750000e-01 
Fe1         8.1250000e-01  5.6250000e-01  8.1250000e-01 
Fe2         9.3750000e-01  6.8750000e-01  8.1250000e-01 
Fe1         9.3750000e-01  5.6250000e-01  9.3750000e-01 
Fe2         8.1250000e-01  6.8750000e-01  9.3750000e-01 
Fe1         8.1250000e-01  8.1250000e-01  6.2500000e-02 
Fe2         9.3750000e-01  9.3750000e-01  6.2500000e-02 
Fe1         9.3750000e-01  8.1250000e-01  1.8750000e-01 
Fe2         8.1250000e-01  9.3750000e-01  1.8750000e-01 
Fe1         8.1250000e-01  8.1250000e-01  3.1250000e-01 
Fe2         9.3750000e-01  9.3750000e-01  3.1250000e-01 
Fe1         9.3750000e-01  8.1250000e-01  4.3750000e-01 
Fe2         8.1250000e-01  9.3750000e-01  4.3750000e-01 
Fe1         8.1250000e-01  8.1250000e-01  5.6250000e-01 
Fe2         9.3750000e-01  9.3750000e-01  5.6250000e-01 
Fe1         9.3750000e-01  8.1250000e-01  6.8750000e-01 
Fe2         8.1250000e-01  9.3750000e-01  6.8750000e-01 
Fe1         8.1250000e-01  8.1250000e-01  8.1250000e-01 
Fe2         9.3750000e-01  9.3750000e-01  8.1250000e-01 
Fe1         9.3750000e-01  8.1250000e-01  9.3750000e-01 
Fe2         8.1250000e-01  9.3750000e-01  9.3750000e-01 
