AL EAM
3
pair Al Al 1001 0.0 6.5
 1.152911e+04  8.792916e+03  6.536494e+03  4.751497e+03 
 3.416228e+03  2.488964e+03  1.902567e+03  1.568671e+03 
 1.391925e+03  1.285710e+03  1.187697e+03  1.069829e+03 
 9.327335e+02  7.933951e+02  6.725275e+02  5.828067e+02 
 5.243685e+02  4.886348e+02  4.635227e+02  4.386271e+02 
 4.090674e+02  3.752218e+02  3.405040e+02  3.090383e+02 
 2.834695e+02  2.640458e+02  2.493021e+02  2.370379e+02 
 2.252941e+02  2.131050e+02  2.004900e+02  1.880486e+02 
 1.765303e+02  1.664264e+02  1.577834e+02  1.503215e+02 
 1.436160e+02  1.372791e+02  1.311039e+02  1.250706e+02 
 1.192714e+02  1.138317e+02  1.088331e+02  1.042759e+02 
 1.000990e+02  9.621372e+01  9.253739e+01  8.902071e+01 
 8.565021e+01  8.243464e+01  7.939012e+01  7.652588e+01 
 7.383654e+01  7.130554e+01  6.891127e+01  6.663330e+01 
 6.445761e+01  6.237719e+01  6.038959e+01  5.849415e+01 
 5.668929e+01  5.497095e+01  5.333319e+01  5.176926e+01 
 5.027273e+01  4.883852e+01  4.746301e+01  4.614360e+01 
 4.487817e+01  4.366459e+01  4.250038e+01  4.138280e+01 
 4.030906e+01  3.927651e+01  3.828283e+01  3.732605e+01 
 3.640446e+01  3.551653e+01  3.466078e+01  3.383574e+01 
 3.303994e+01  3.227196e+01  3.153044e+01  3.081412e+01 
 3.012188e+01  2.945266e+01  2.880548e+01  2.817943e+01 
 2.757358e+01  2.698710e+01  2.641914e+01  2.586892e+01 
 2.533570e+01  2.481879e+01  2.431753e+01  2.383130e+01 
 2.335952e+01  2.290161e+01  2.245704e+01  2.202529e+01 
 2.160587e+01  2.119832e+01  2.080219e+01  2.041706e+01 
 2.004253e+01  1.967821e+01  1.932373e+01  1.897875e+01 
 1.864292e+01  1.831593e+01  1.799747e+01  1.768724e+01 
 1.738497e+01  1.709037e+01  1.680320e+01  1.652321e+01 
 1.625016e+01  1.598383e+01  1.572398e+01  1.547043e+01 
 1.522295e+01  1.498137e+01  1.474549e+01  1.451514e+01 
 1.429015e+01  1.407035e+01  1.385557e+01  1.364568e+01 
 1.344053e+01  1.323996e+01  1.304385e+01  1.285207e+01 
 1.266449e+01  1.248098e+01  1.230143e+01  1.212573e+01 
 1.195376e+01  1.178543e+01  1.162063e+01  1.145927e+01 
 1.130124e+01  1.114645e+01  1.099483e+01  1.084627e+01 
 1.070071e+01  1.055806e+01  1.041825e+01  1.028119e+01 
 1.014682e+01  1.001506e+01  9.885857e+00  9.759137e+00 
 9.634837e+00  9.512898e+00  9.393259e+00  9.275863e+00 
 9.160653e+00  9.047577e+00  8.936582e+00  8.827617e+00 
 8.720632e+00  8.615581e+00  8.512417e+00  8.411095e+00 
 8.311571e+00  8.213803e+00  8.117750e+00  8.023372e+00 
 7.930630e+00  7.839486e+00  7.749905e+00  7.661851e+00 
 7.575291e+00  7.490190e+00  7.406514e+00  7.324232e+00 
 7.243311e+00  7.163722e+00  7.085437e+00  7.008430e+00 
 6.932676e+00  6.858148e+00  6.784819e+00  6.712658e+00 
 6.641636e+00  6.571724e+00  6.502900e+00  6.435148e+00 
 6.368459e+00  6.302822e+00  6.238220e+00  6.174625e+00 
 6.111992e+00  6.050273e+00  5.989426e+00  5.929436e+00 
 5.870323e+00  5.812134e+00  5.754917e+00  5.698681e+00 
 5.643368e+00  5.588835e+00  5.534908e+00  5.481452e+00 
 5.428458e+00  5.376106e+00  5.324733e+00  5.274674e+00 
 5.226076e+00  5.178718e+00  5.131929e+00  5.084829e+00 
 5.036751e+00  4.987665e+00  4.938554e+00  4.891278e+00 
 4.847732e+00  4.808857e+00  4.773662e+00  4.738708e+00 
 4.699292e+00  4.651616e+00  4.595013e+00  4.534009e+00 
 4.478369e+00  4.440134e+00  4.429979e+00  4.453555e+00 
 4.507841e+00  4.577487e+00  4.631162e+00  4.435937e+00 
 4.449287e+00  4.460609e+00  4.469909e+00  4.477191e+00 
 4.482468e+00  4.485748e+00  4.487048e+00  4.486382e+00 
 4.483770e+00  4.479231e+00  4.472788e+00  4.464465e+00 
 4.454288e+00  4.442285e+00  4.428486e+00  4.412921e+00 
 4.395625e+00  4.376630e+00  4.355973e+00  4.333691e+00 
 4.309822e+00  4.284406e+00  4.257484e+00  4.229097e+00 
 4.199288e+00  4.168101e+00  4.135581e+00  4.101774e+00 
 4.066724e+00  4.030480e+00  3.993088e+00  3.954596e+00 
 3.915054e+00  3.874510e+00  3.833012e+00  3.790610e+00 
 3.747354e+00  3.703294e+00  3.658478e+00  3.612957e+00 
 3.566779e+00  3.519995e+00  3.472653e+00  3.424803e+00 
 3.376491e+00  3.327767e+00  3.278678e+00  3.229269e+00 
 3.179589e+00  3.129680e+00  3.079590e+00  3.029360e+00 
 2.979033e+00  2.928652e+00  2.878257e+00  2.827887e+00 
 2.777580e+00  2.727374e+00  2.677304e+00  2.627403e+00 
 2.577705e+00  2.528241e+00  2.479040e+00  2.430130e+00 
 2.381539e+00  2.333291e+00  2.285412e+00  2.237923e+00 
 2.190847e+00  2.144203e+00  2.098010e+00  2.052287e+00 
 2.007051e+00  1.962315e+00  1.918096e+00  1.874406e+00 
 1.831257e+00  1.788661e+00  1.746628e+00  1.705167e+00 
 1.664286e+00  1.623992e+00  1.584293e+00  1.545192e+00 
 1.506696e+00  1.468807e+00  1.431529e+00  1.394865e+00 
 1.358815e+00  1.323380e+00  1.288561e+00  1.254357e+00 
 1.220766e+00  1.187788e+00  1.155420e+00  1.123658e+00 
 1.092500e+00  1.061941e+00  1.031977e+00  1.002604e+00 
 9.738150e-01  9.456059e-01  9.179701e-01  8.909013e-01 
 8.643930e-01  8.384382e-01  8.130298e-01  7.881605e-01 
 7.638225e-01  7.400082e-01  7.167098e-01  6.939192e-01 
 6.716284e-01  6.498291e-01  6.285134e-01  6.076729e-01 
 5.872995e-01  5.673852e-01  5.479219e-01  5.289017e-01 
 5.103168e-01  4.921595e-01  4.744221e-01  4.570972e-01 
 4.401774e-01  4.236554e-01  4.075241e-01  3.917762e-01 
 3.764049e-01  3.614031e-01  3.467643e-01  3.324816e-01 
 3.185484e-01  3.049583e-01  2.917048e-01  2.787815e-01 
 2.661824e-01  2.539012e-01  2.419318e-01  2.302684e-01 
 2.189050e-01  2.078358e-01  1.970553e-01  1.865576e-01 
 1.763373e-01  1.663890e-01  1.567072e-01  1.472868e-01 
 1.381224e-01  1.292089e-01  1.205413e-01  1.121147e-01 
 1.039240e-01  9.596452e-02  8.823146e-02  8.072015e-02 
 7.342597e-02  6.634438e-02  5.947092e-02  5.280118e-02 
 4.633084e-02  4.005562e-02  3.397133e-02  2.807382e-02 
 2.235903e-02  1.682295e-02  1.146164e-02  6.271191e-03 
 1.247792e-03 -3.612328e-03 -8.312880e-03 -1.285752e-02 
-1.724984e-02 -2.149339e-02 -2.559165e-02 -2.954807e-02 
-3.336603e-02 -3.704885e-02 -4.059983e-02 -4.402220e-02 
-4.731914e-02 -5.049380e-02 -5.354925e-02 -5.648854e-02 
-5.931465e-02 -6.203055e-02 -6.463911e-02 -6.714320e-02 
-6.954560e-02 -7.184909e-02 -7.405636e-02 -7.617009e-02 
-7.819290e-02 -8.012734e-02 -8.197597e-02 -8.374125e-02 
-8.542562e-02 -8.703149e-02 -8.856119e-02 -9.001705e-02 
-9.140132e-02 -9.271622e-02 -9.396393e-02 -9.514660e-02 
-9.626630e-02 -9.732509e-02 -9.832498e-02 -9.926795e-02 
-1.001559e-01 -1.009908e-01 -1.017743e-01 -1.025084e-01 
-1.031949e-01 -1.038353e-01 -1.044315e-01 -1.049850e-01 
-1.054975e-01 -1.059705e-01 -1.064057e-01 -1.068044e-01 
-1.071681e-01 -1.074983e-01 -1.077963e-01 -1.080635e-01 
-1.083012e-01 -1.085106e-01 -1.086931e-01 -1.088498e-01 
-1.089818e-01 -1.090904e-01 -1.091765e-01 -1.092413e-01 
-1.092858e-01 -1.093110e-01 -1.093179e-01 -1.093073e-01 
-1.092802e-01 -1.092374e-01 -1.091799e-01 -1.091082e-01 
-1.090234e-01 -1.089259e-01 -1.088167e-01 -1.086963e-01 
-1.085655e-01 -1.084247e-01 -1.082747e-01 -1.081160e-01 
-1.079492e-01 -1.077747e-01 -1.075930e-01 -1.074047e-01 
-1.072101e-01 -1.070098e-01 -1.068040e-01 -1.065932e-01 
-1.063777e-01 -1.061579e-01 -1.059340e-01 -1.057065e-01 
-1.054755e-01 -1.052413e-01 -1.050043e-01 -1.047645e-01 
-1.045223e-01 -1.042777e-01 -1.040311e-01 -1.037826e-01 
-1.035323e-01 -1.032804e-01 -1.030270e-01 -1.027722e-01 
-1.025162e-01 -1.022590e-01 -1.020008e-01 -1.017415e-01 
-1.014814e-01 -1.012204e-01 -1.009587e-01 -1.006962e-01 
-1.004331e-01 -1.001693e-01 -9.990492e-02 -9.963998e-02 
-9.937451e-02 -9.910853e-02 -9.884208e-02 -9.857517e-02 
-9.830784e-02 -9.804011e-02 -9.777201e-02 -9.750355e-02 
-9.723477e-02 -9.696571e-02 -9.669639e-02 -9.642685e-02 
-9.615714e-02 -9.588730e-02 -9.561738e-02 -9.534744e-02 
-9.507755e-02 -9.480775e-02 -9.453813e-02 -9.426874e-02 
-9.399967e-02 -9.373098e-02 -9.346276e-02 -9.319509e-02 
-9.292806e-02 -9.266173e-02 -9.239621e-02 -9.213157e-02 
-9.186792e-02 -9.160533e-02 -9.134389e-02 -9.108370e-02 
-9.082485e-02 -9.056742e-02 -9.031151e-02 -9.005720e-02 
-8.980458e-02 -8.955375e-02 -8.930477e-02 -8.905775e-02 
-8.881276e-02 -8.856988e-02 -8.832918e-02 -8.809075e-02 
-8.785465e-02 -8.762096e-02 -8.738973e-02 -8.716104e-02 
-8.693493e-02 -8.671146e-02 -8.649069e-02 -8.627266e-02 
-8.605740e-02 -8.584496e-02 -8.563536e-02 -8.542862e-02 
-8.522478e-02 -8.502383e-02 -8.482578e-02 -8.463064e-02 
-8.443840e-02 -8.424904e-02 -8.406254e-02 -8.387888e-02 
-8.369801e-02 -8.351989e-02 -8.334448e-02 -8.317170e-02 
-8.300149e-02 -8.283377e-02 -8.266844e-02 -8.250543e-02 
-8.234461e-02 -8.218587e-02 -8.202908e-02 -8.187412e-02 
-8.172083e-02 -8.156908e-02 -8.141870e-02 -8.126953e-02 
-8.112140e-02 -8.097413e-02 -8.082754e-02 -8.068144e-02 
-8.053565e-02 -8.038995e-02 -8.024416e-02 -8.009806e-02 
-7.995144e-02 -7.980409e-02 -7.965579e-02 -7.950633e-02 
-7.935549e-02 -7.920303e-02 -7.904875e-02 -7.889241e-02 
-7.873378e-02 -7.857264e-02 -7.840877e-02 -7.824194e-02 
-7.807193e-02 -7.789850e-02 -7.772144e-02 -7.754054e-02 
-7.735556e-02 -7.716630e-02 -7.697254e-02 -7.677407e-02 
-7.657069e-02 -7.636221e-02 -7.614841e-02 -7.592912e-02 
-7.570413e-02 -7.547328e-02 -7.523639e-02 -7.499329e-02 
-7.474382e-02 -7.448782e-02 -7.422515e-02 -7.395566e-02 
-7.367923e-02 -7.339574e-02 -7.310506e-02 -7.280710e-02 
-7.250176e-02 -7.218896e-02 -7.186862e-02 -7.154068e-02 
-7.120509e-02 -7.086180e-02 -7.051079e-02 -7.015204e-02 
-6.978555e-02 -6.941133e-02 -6.902938e-02 -6.863975e-02 
-6.824247e-02 -6.783759e-02 -6.742517e-02 -6.700528e-02 
-6.657801e-02 -6.614343e-02 -6.570166e-02 -6.525279e-02 
-6.479693e-02 -6.433422e-02 -6.386477e-02 -6.338873e-02 
-6.290624e-02 -6.241744e-02 -6.192251e-02 -6.142159e-02 
-6.091485e-02 -6.040247e-02 -5.988463e-02 -5.936151e-02 
-5.883330e-02 -5.830019e-02 -5.776236e-02 -5.722003e-02 
-5.667339e-02 -5.612265e-02 -5.556801e-02 -5.500968e-02 
-5.444788e-02 -5.388281e-02 -5.331469e-02 -5.274373e-02 
-5.217015e-02 -5.159416e-02 -5.101598e-02 -5.043582e-02 
-4.985390e-02 -4.927043e-02 -4.868561e-02 -4.809967e-02 
-4.751280e-02 -4.692522e-02 -4.633712e-02 -4.574871e-02 
-4.516018e-02 -4.457173e-02 -4.398355e-02 -4.339582e-02 
-4.280872e-02 -4.222243e-02 -4.163712e-02 -4.105295e-02 
-4.047009e-02 -3.988868e-02 -3.930888e-02 -3.873083e-02 
-3.815466e-02 -3.758049e-02 -3.700846e-02 -3.643868e-02 
-3.587126e-02 -3.530630e-02 -3.474392e-02 -3.418420e-02 
-3.362723e-02 -3.307309e-02 -3.252188e-02 -3.197367e-02 
-3.142852e-02 -3.088650e-02 -3.034768e-02 -2.981212e-02 
-2.927987e-02 -2.875098e-02 -2.822550e-02 -2.770347e-02 
-2.718493e-02 -2.666993e-02 -2.615849e-02 -2.565065e-02 
-2.514643e-02 -2.464586e-02 -2.414897e-02 -2.365576e-02 
-2.316627e-02 -2.268051e-02 -2.219850e-02 -2.172023e-02 
-2.124574e-02 -2.077501e-02 -2.030807e-02 -1.984492e-02 
-1.938557e-02 -1.893001e-02 -1.847825e-02 -1.803030e-02 
-1.758616e-02 -1.714582e-02 -1.670929e-02 -1.627657e-02 
-1.584766e-02 -1.542257e-02 -1.500129e-02 -1.458382e-02 
-1.417017e-02 -1.376034e-02 -1.335433e-02 -1.295216e-02 
-1.255381e-02 -1.215931e-02 -1.176866e-02 -1.138186e-02 
-1.099894e-02 -1.061990e-02 -1.024475e-02 -9.873523e-03 
-9.506227e-03 -9.142883e-03 -8.783512e-03 -8.428137e-03 
-8.076781e-03 -7.729470e-03 -7.386228e-03 -7.047083e-03 
-6.712063e-03 -6.381196e-03 -6.054512e-03 -5.732041e-03 
-5.413814e-03 -5.099862e-03 -4.790216e-03 -4.484909e-03 
-4.183974e-03 -3.887441e-03 -3.595345e-03 -3.307718e-03 
-3.024592e-03 -2.745999e-03 -2.471973e-03 -2.202544e-03 
-1.937744e-03 -1.677605e-03 -1.422156e-03 -1.171427e-03 
-9.254483e-04 -6.842470e-04 -4.478508e-04 -2.162860e-04 
 1.042184e-05  2.322487e-04  4.491715e-04  6.611686e-04 
 8.682197e-04  1.070306e-03  1.267410e-03  1.459517e-03 
 1.646611e-03  1.828682e-03  2.005719e-03  2.177714e-03 
 2.344660e-03  2.506554e-03  2.663393e-03  2.815178e-03 
 2.961911e-03  3.103599e-03  3.240248e-03  3.371870e-03 
 3.498477e-03  3.620085e-03  3.736713e-03  3.848383e-03 
 3.955119e-03  4.056950e-03  4.153906e-03  4.246021e-03 
 4.333332e-03  4.415876e-03  4.493698e-03  4.566840e-03 
 4.635351e-03  4.699279e-03  4.758676e-03  4.813597e-03 
 4.864097e-03  4.910236e-03  4.952074e-03  4.989673e-03 
 5.023098e-03  5.052415e-03  5.077692e-03  5.099000e-03 
 5.116409e-03  5.129992e-03  5.139824e-03  5.145981e-03 
 5.148540e-03  5.147579e-03  5.143178e-03  5.135417e-03 
 5.124378e-03  5.110144e-03  5.092799e-03  5.072425e-03 
 5.049110e-03  5.022938e-03  4.993995e-03  4.962368e-03 
 4.928145e-03  4.891413e-03  4.852260e-03  4.810773e-03 
 4.767041e-03  4.721153e-03  4.673195e-03  4.623257e-03 
 4.571426e-03  4.517789e-03  4.462435e-03  4.405450e-03 
 4.346920e-03  4.286931e-03  4.225569e-03  4.162918e-03 
 4.099062e-03  4.034084e-03  3.968065e-03  3.901088e-03 
 3.833231e-03  3.764574e-03  3.695195e-03  3.625169e-03 
 3.554571e-03  3.483476e-03  3.411955e-03  3.340079e-03 
 3.267918e-03  3.195540e-03  3.123011e-03  3.050397e-03 
 2.977763e-03  2.905169e-03  2.832678e-03  2.760350e-03 
 2.688241e-03  2.616410e-03  2.544912e-03  2.473800e-03 
 2.403127e-03  2.332944e-03  2.263301e-03  2.194245e-03 
 2.125823e-03  2.058081e-03  1.991061e-03  1.924806e-03 
 1.859356e-03  1.794751e-03  1.731028e-03  1.668222e-03 
 1.606369e-03  1.545501e-03  1.485649e-03  1.426843e-03 
 1.369112e-03  1.312482e-03  1.256978e-03  1.202623e-03 
 1.149440e-03  1.097448e-03  1.046666e-03  9.971119e-04 
 9.487999e-04  9.017442e-04  8.559569e-04  8.114485e-04 
 7.682278e-04  7.263018e-04  6.856762e-04  6.463548e-04 
 6.083396e-04  5.716310e-04  5.362280e-04  5.021274e-04 
 4.693247e-04  4.378134e-04  4.075855e-04  3.786312e-04 
 3.509388e-04  3.244951e-04  2.992851e-04  2.752918e-04 
 2.524970e-04  2.308806e-04  2.104210e-04  1.910952e-04 
 1.728791e-04  1.557471e-04  1.396723e-04  1.246271e-04 
 1.105824e-04  9.750860e-05  8.537493e-05  7.414997e-05 
 6.380157e-05  5.429696e-05  4.560283e-05  3.768541e-05 
 3.051054e-05  2.404376e-05  1.825039e-05  1.309561e-05 
 8.544529e-06  4.562286e-06  1.114110e-06 -1.834591e-06 
-4.318151e-06 -6.370565e-06 -8.025413e-06 -9.315774e-06 
-1.027415e-05 -1.093239e-05 -1.132160e-05 -1.147207e-05 
-1.141319e-05 -1.117337e-05 -1.077998e-05 -1.025923e-05 
-9.636124e-06 -8.934365e-06 -8.176281e-06 -7.382740e-06 
-6.573074e-06 -5.764996e-06 -4.974522e-06 -4.215892e-06 
-3.501487e-06 -2.841750e-06 -2.245107e-06 -1.717887e-06 
-1.264242e-06 -8.860651e-07 -5.829129e-07 -3.519244e-07 
-1.877409e-07 -8.242673e-08 -2.538852e-08 -3.295622e-09 
 0.000000e+00 
dens Al 1001 0.0 6.5
 1.000000e+00  9.999997e-01  9.999998e-01  1.000000e+00 
 1.000001e+00  1.000003e+00  1.000005e+00  1.000008e+00 
 1.000012e+00  1.000017e+00  1.000024e+00  1.000031e+00 
 1.000041e+00  1.000052e+00  1.000065e+00  1.000079e+00 
 1.000096e+00  1.000116e+00  1.000137e+00  1.000161e+00 
 1.000188e+00  1.000218e+00  1.000251e+00  1.000286e+00 
 1.000325e+00  1.000368e+00  1.000414e+00  1.000463e+00 
 1.000517e+00  1.000574e+00  1.000635e+00  1.000701e+00 
 1.000771e+00  1.000846e+00  1.000925e+00  1.001009e+00 
 1.001098e+00  1.001192e+00  1.001291e+00  1.001396e+00 
 1.001506e+00  1.001622e+00  1.001743e+00  1.001871e+00 
 1.002004e+00  1.002144e+00  1.002290e+00  1.002443e+00 
 1.002602e+00  1.002768e+00  1.002941e+00  1.003121e+00 
 1.003308e+00  1.003503e+00  1.003705e+00  1.003915e+00 
 1.004132e+00  1.004358e+00  1.004591e+00  1.004833e+00 
 1.005082e+00  1.005341e+00  1.005608e+00  1.005884e+00 
 1.006168e+00  1.006462e+00  1.006765e+00  1.007077e+00 
 1.007399e+00  1.007730e+00  1.008071e+00  1.008422e+00 
 1.008782e+00  1.009153e+00  1.009535e+00  1.009927e+00 
 1.010329e+00  1.010742e+00  1.011166e+00  1.011601e+00 
 1.012047e+00  1.012505e+00  1.012974e+00  1.013454e+00 
 1.013946e+00  1.014450e+00  1.014966e+00  1.015494e+00 
 1.016035e+00  1.016588e+00  1.017153e+00  1.017731e+00 
 1.018322e+00  1.018926e+00  1.019543e+00  1.020174e+00 
 1.020818e+00  1.021475e+00  1.022146e+00  1.022831e+00 
 1.023530e+00  1.024243e+00  1.024970e+00  1.025712e+00 
 1.026468e+00  1.027239e+00  1.028024e+00  1.028825e+00 
 1.029641e+00  1.030472e+00  1.031318e+00  1.032180e+00 
 1.033058e+00  1.033951e+00  1.034860e+00  1.035786e+00 
 1.036728e+00  1.037686e+00  1.038660e+00  1.039651e+00 
 1.040659e+00  1.041684e+00  1.042727e+00  1.043786e+00 
 1.044862e+00  1.045957e+00  1.047068e+00  1.048198e+00 
 1.049346e+00  1.050511e+00  1.051695e+00  1.052897e+00 
 1.054118e+00  1.055357e+00  1.056615e+00  1.057892e+00 
 1.059188e+00  1.060503e+00  1.061838e+00  1.063192e+00 
 1.064566e+00  1.065959e+00  1.067373e+00  1.068806e+00 
 1.070260e+00  1.071733e+00  1.073228e+00  1.074743e+00 
 1.076279e+00  1.077835e+00  1.079413e+00  1.081012e+00 
 1.082632e+00  1.084274e+00  1.085937e+00  1.087622e+00 
 1.089329e+00  1.091058e+00  1.092809e+00  1.094582e+00 
 1.096378e+00  1.098196e+00  1.100038e+00  1.101902e+00 
 1.103789e+00  1.105699e+00  1.107632e+00  1.109589e+00 
 1.111570e+00  1.113574e+00  1.115602e+00  1.117654e+00 
 1.119730e+00  1.121831e+00  1.123955e+00  1.126105e+00 
 1.128279e+00  1.130478e+00  1.132702e+00  1.134951e+00 
 1.137226e+00  1.139526e+00  1.141851e+00  1.144202e+00 
 1.146579e+00  1.148982e+00  1.151411e+00  1.153866e+00 
 1.156348e+00  1.158856e+00  1.161391e+00  1.163953e+00 
 1.166541e+00  1.169157e+00  1.171800e+00  1.174470e+00 
 1.177168e+00  1.179894e+00  1.182647e+00  1.185429e+00 
 1.188239e+00  1.191077e+00  1.193942e+00  1.196836e+00 
 1.199759e+00  1.202710e+00  1.205691e+00  1.208703e+00 
 1.211744e+00  1.214815e+00  1.217914e+00  1.221040e+00 
 1.224194e+00  1.227377e+00  1.230590e+00  1.233837e+00 
 1.237120e+00  1.240439e+00  1.243790e+00  1.247168e+00 
 1.250568e+00  1.253985e+00  1.257423e+00  1.260890e+00 
 1.264402e+00  1.267971e+00  1.271605e+00  1.275297e+00 
 1.279025e+00  1.282750e+00  1.286420e+00  7.047892e-01 
 6.789527e-01  6.536764e-01  6.289598e-01  6.048018e-01 
 5.812010e-01  5.581556e-01  5.356637e-01  5.137227e-01 
 4.923300e-01  4.714824e-01  4.511766e-01  4.314089e-01 
 4.121754e-01  3.934719e-01  3.752938e-01  3.576364e-01 
 3.404946e-01  3.238633e-01  3.077369e-01  2.921097e-01 
 2.769757e-01  2.623289e-01  2.481629e-01  2.344711e-01 
 2.212468e-01  2.084832e-01  1.961733e-01  1.843097e-01 
 1.728853e-01  1.618925e-01  1.513237e-01  1.411711e-01 
 1.314271e-01  1.220836e-01  1.131327e-01  1.045662e-01 
 9.637601e-02  8.855387e-02  8.109151e-02  7.398061e-02 
 6.721280e-02  6.077970e-02  5.467291e-02  4.888401e-02 
 4.340459e-02  3.822625e-02  3.334061e-02  2.873932e-02 
 2.441405e-02  2.035654e-02  1.655856e-02  1.301197e-02 
 9.708690e-03  6.640715e-03  3.800143e-03  1.179166e-03 
-1.229911e-03 -3.434667e-03 -5.442555e-03 -7.260887e-03 
-8.896838e-03 -1.035744e-02 -1.164957e-02 -1.277998e-02 
-1.375527e-02 -1.458191e-02 -1.526624e-02 -1.581443e-02 
-1.623255e-02 -1.652653e-02 -1.670214e-02 -1.676505e-02 
-1.672080e-02 -1.657476e-02 -1.633223e-02 -1.599833e-02 
-1.557809e-02 -1.507641e-02 -1.449804e-02 -1.384765e-02 
-1.312975e-02 -1.234875e-02 -1.150895e-02 -1.061451e-02 
-9.669485e-03 -8.677819e-03 -7.643337e-03 -6.569752e-03 
-5.460666e-03 -4.319571e-03 -3.149850e-03 -1.954777e-03 
-7.375211e-04  4.988554e-04  1.751394e-03  3.017239e-03 
 4.293638e-03  5.577937e-03  6.867584e-03  8.160124e-03 
 9.453198e-03  1.074455e-02  1.203200e-02  1.331349e-02 
 1.458702e-02  1.585072e-02  1.710279e-02  1.834150e-02 
 1.956524e-02  2.077247e-02  2.196174e-02  2.313168e-02 
 2.428101e-02  2.540852e-02  2.651309e-02  2.759367e-02 
 2.864931e-02  2.967911e-02  3.068226e-02  3.165802e-02 
 3.260573e-02  3.352479e-02  3.441467e-02  3.527493e-02 
 3.610516e-02  3.690503e-02  3.767429e-02  3.841272e-02 
 3.912018e-02  3.979658e-02  4.044188e-02  4.105611e-02 
 4.163932e-02  4.219164e-02  4.271323e-02  4.320431e-02 
 4.366514e-02  4.409601e-02  4.449726e-02  4.486928e-02 
 4.521248e-02  4.552732e-02  4.581427e-02  4.607386e-02 
 4.630663e-02  4.651317e-02  4.669406e-02  4.684995e-02 
 4.698148e-02  4.708932e-02  4.717416e-02  4.723671e-02 
 4.727770e-02  4.729786e-02  4.729795e-02  4.727872e-02 
 4.724095e-02  4.718541e-02  4.711289e-02  4.702417e-02 
 4.692003e-02  4.680127e-02  4.666867e-02  4.652301e-02 
 4.636506e-02  4.619560e-02  4.601539e-02  4.582517e-02 
 4.562568e-02  4.541763e-02  4.520175e-02  4.497870e-02 
 4.474917e-02  4.451380e-02  4.427320e-02  4.402799e-02 
 4.377872e-02  4.352594e-02  4.327017e-02  4.301188e-02 
 4.275153e-02  4.248954e-02  4.222631e-02  4.196220e-02 
 4.169755e-02  4.143268e-02  4.116788e-02  4.090341e-02 
 4.063951e-02  4.037640e-02  4.011428e-02  3.985332e-02 
 3.959366e-02  3.933545e-02  3.907879e-02  3.882378e-02 
 3.857049e-02  3.831899e-02  3.806930e-02  3.782146e-02 
 3.757548e-02  3.733135e-02  3.708906e-02  3.684856e-02 
 3.660983e-02  3.637280e-02  3.613740e-02  3.590356e-02 
 3.567119e-02  3.544020e-02  3.521048e-02  3.498193e-02 
 3.475442e-02  3.452784e-02  3.430205e-02  3.407692e-02 
 3.385232e-02  3.362810e-02  3.340413e-02  3.318026e-02 
 3.295634e-02  3.273224e-02  3.250780e-02  3.228290e-02 
 3.205738e-02  3.183110e-02  3.160394e-02  3.137577e-02 
 3.114645e-02  3.091587e-02  3.068392e-02  3.045049e-02 
 3.021548e-02  2.997881e-02  2.974038e-02  2.950014e-02 
 2.925802e-02  2.901397e-02  2.876796e-02  2.851996e-02 
 2.826996e-02  2.801794e-02  2.776392e-02  2.750792e-02 
 2.724995e-02  2.699005e-02  2.672827e-02  2.646466e-02 
 2.619927e-02  2.593218e-02  2.566345e-02  2.539318e-02 
 2.512144e-02  2.484835e-02  2.457399e-02  2.429847e-02 
 2.402191e-02  2.374443e-02  2.346614e-02  2.318718e-02 
 2.290768e-02  2.262777e-02  2.234759e-02  2.206728e-02 
 2.178698e-02  2.150685e-02  2.122703e-02  2.094766e-02 
 2.066892e-02  2.039093e-02  2.011387e-02  1.983787e-02 
 1.956311e-02  1.928972e-02  1.901787e-02  1.874770e-02 
 1.847936e-02  1.821301e-02  1.794879e-02  1.768685e-02 
 1.742732e-02  1.717034e-02  1.691606e-02  1.666460e-02 
 1.641609e-02  1.617066e-02  1.592841e-02  1.568948e-02 
 1.545395e-02  1.522194e-02  1.499354e-02  1.476885e-02 
 1.454794e-02  1.433089e-02  1.411777e-02  1.390863e-02 
 1.370355e-02  1.350254e-02  1.330566e-02  1.311294e-02 
 1.292438e-02  1.274002e-02  1.255984e-02  1.238386e-02 
 1.221207e-02  1.204445e-02  1.188098e-02  1.172164e-02 
 1.156639e-02  1.141521e-02  1.126804e-02  1.112484e-02 
 1.098556e-02  1.085014e-02  1.071852e-02  1.059064e-02 
 1.046642e-02  1.034579e-02  1.022868e-02  1.011501e-02 
 1.000469e-02  9.897634e-03  9.793760e-03  9.692974e-03 
 9.595185e-03  9.500296e-03  9.408213e-03  9.318837e-03 
 9.232069e-03  9.147808e-03  9.065955e-03  8.986407e-03 
 8.909064e-03  8.833822e-03  8.760580e-03  8.689236e-03 
 8.619691e-03  8.551843e-03  8.485593e-03  8.420844e-03 
 8.357500e-03  8.295465e-03  8.234647e-03  8.174956e-03 
 8.116302e-03  8.058601e-03  8.001769e-03  7.945727e-03 
 7.890398e-03  7.835710e-03  7.781593e-03  7.727981e-03 
 7.674814e-03  7.622035e-03  7.569591e-03  7.517436e-03 
 7.465526e-03  7.413826e-03  7.362301e-03  7.310925e-03 
 7.259672e-03  7.208524e-03  7.157465e-03  7.106484e-03 
 7.055574e-03  7.004731e-03  6.953954e-03  6.903247e-03 
 6.852616e-03  6.802071e-03  6.751625e-03  6.701293e-03 
 6.651093e-03  6.601046e-03  6.551175e-03  6.501505e-03 
 6.452064e-03  6.402881e-03  6.353988e-03  6.305418e-03 
 6.257204e-03  6.209383e-03  6.161992e-03  6.115070e-03 
 6.068655e-03  6.022788e-03  5.977509e-03  5.932859e-03 
 5.888880e-03  5.845615e-03  5.803104e-03  5.761390e-03 
 5.720514e-03  5.680518e-03  5.641443e-03  5.603328e-03 
 5.566214e-03  5.530139e-03  5.495140e-03  5.461254e-03 
 5.428515e-03  5.396958e-03  5.366613e-03  5.337511e-03 
 5.309679e-03  5.283145e-03  5.257931e-03  5.234060e-03 
 5.211549e-03  5.190415e-03  5.170673e-03  5.152331e-03 
 5.135398e-03  5.119878e-03  5.105771e-03  5.093075e-03 
 5.081785e-03  5.071890e-03  5.063378e-03  5.056234e-03 
 5.050438e-03  5.045971e-03  5.042806e-03  5.040918e-03 
 5.040278e-03  5.040852e-03  5.042608e-03  5.045509e-03 
 5.049517e-03  5.054590e-03  5.060688e-03  5.067765e-03 
 5.075776e-03  5.084673e-03  5.094408e-03  5.104931e-03 
 5.116191e-03  5.128134e-03  5.140707e-03  5.153856e-03 
 5.167526e-03  5.181660e-03  5.196202e-03  5.211096e-03 
 5.226283e-03  5.241707e-03  5.257308e-03  5.273030e-03 
 5.288815e-03  5.304605e-03  5.320342e-03  5.335971e-03 
 5.351433e-03  5.366674e-03  5.381638e-03  5.396271e-03 
 5.410520e-03  5.424332e-03  5.437655e-03  5.450441e-03 
 5.462640e-03  5.474205e-03  5.485091e-03  5.495254e-03 
 5.504651e-03  5.513243e-03  5.520991e-03  5.527859e-03 
 5.533814e-03  5.538823e-03  5.542859e-03  5.545894e-03 
 5.547904e-03  5.548868e-03  5.548769e-03  5.547591e-03 
 5.545320e-03  5.541948e-03  5.537466e-03  5.531871e-03 
 5.525158e-03  5.517330e-03  5.508387e-03  5.498335e-03 
 5.487180e-03  5.474931e-03  5.461599e-03  5.447197e-03 
 5.431739e-03  5.415242e-03  5.397724e-03  5.379205e-03 
 5.359707e-03  5.339252e-03  5.317865e-03  5.295571e-03 
 5.272398e-03  5.248375e-03  5.223529e-03  5.197892e-03 
 5.171496e-03  5.144373e-03  5.116555e-03  5.088078e-03 
 5.058975e-03  5.029282e-03  4.999036e-03  4.968272e-03 
 4.937027e-03  4.905339e-03  4.873245e-03  4.840783e-03 
 4.807989e-03  4.774903e-03  4.741561e-03  4.708002e-03 
 4.674263e-03  4.640381e-03  4.606393e-03  4.572336e-03 
 4.538245e-03  4.504157e-03  4.470105e-03  4.436125e-03 
 4.402249e-03  4.368510e-03  4.334941e-03  4.301571e-03 
 4.268430e-03  4.235547e-03  4.202950e-03  4.170663e-03 
 4.138713e-03  4.107122e-03  4.075911e-03  4.045103e-03 
 4.014715e-03  3.984766e-03  3.955271e-03  3.926247e-03 
 3.897706e-03  3.869662e-03  3.842125e-03  3.815106e-03 
 3.788615e-03  3.762657e-03  3.737241e-03  3.712372e-03 
 3.688055e-03  3.664292e-03  3.641086e-03  3.618439e-03 
 3.596350e-03  3.574820e-03  3.553847e-03  3.533428e-03 
 3.513561e-03  3.494240e-03  3.475461e-03  3.457219e-03 
 3.439505e-03  3.422314e-03  3.405637e-03  3.389465e-03 
 3.373789e-03  3.358598e-03  3.343882e-03  3.329629e-03 
 3.315827e-03  3.302463e-03  3.289525e-03  3.276998e-03 
 3.264869e-03  3.253122e-03  3.241743e-03  3.230717e-03 
 3.220026e-03  3.209656e-03  3.199589e-03  3.189808e-03 
 3.180296e-03  3.171036e-03  3.162009e-03  3.153199e-03 
 3.144586e-03  3.136151e-03  3.127878e-03  3.119746e-03 
 3.111738e-03  3.103833e-03  3.096014e-03  3.088262e-03 
 3.080556e-03  3.072880e-03  3.065212e-03  3.057536e-03 
 3.049831e-03  3.042080e-03  3.034263e-03  3.026363e-03 
 3.018360e-03  3.010236e-03  3.001975e-03  2.993557e-03 
 2.984964e-03  2.976181e-03  2.967189e-03  2.957971e-03 
 2.948512e-03  2.938794e-03  2.928801e-03  2.918518e-03 
 2.907929e-03  2.897020e-03  2.885775e-03  2.874180e-03 
 2.862222e-03  2.849888e-03  2.837163e-03  2.824036e-03 
 2.810494e-03  2.796526e-03  2.782122e-03  2.767269e-03 
 2.751960e-03  2.736183e-03  2.719931e-03  2.703195e-03 
 2.685967e-03  2.668241e-03  2.650010e-03  2.631269e-03 
 2.612013e-03  2.592237e-03  2.571938e-03  2.551113e-03 
 2.529760e-03  2.507878e-03  2.485467e-03  2.462526e-03 
 2.439057e-03  2.415062e-03  2.390543e-03  2.365505e-03 
 2.339952e-03  2.313890e-03  2.287324e-03  2.260263e-03 
 2.232715e-03  2.204689e-03  2.176196e-03  2.147246e-03 
 2.117852e-03  2.088028e-03  2.057788e-03  2.027146e-03 
 1.996119e-03  1.964724e-03  1.932978e-03  1.900900e-03 
 1.868508e-03  1.835823e-03  1.802864e-03  1.769652e-03 
 1.736209e-03  1.702557e-03  1.668717e-03  1.634714e-03 
 1.600569e-03  1.566307e-03  1.531951e-03  1.497525e-03 
 1.463054e-03  1.428562e-03  1.394074e-03  1.359614e-03 
 1.325207e-03  1.290877e-03  1.256651e-03  1.222552e-03 
 1.188605e-03  1.154835e-03  1.121265e-03  1.087921e-03 
 1.054825e-03  1.022002e-03  9.894752e-04  9.572667e-04 
 9.253994e-04  8.938953e-04  8.627759e-04  8.320623e-04 
 8.017749e-04  7.719336e-04  7.425577e-04  7.136655e-04 
 6.852751e-04  6.574033e-04  6.300665e-04  6.032800e-04 
 5.770583e-04  5.514152e-04  5.263632e-04  5.019140e-04 
 4.780781e-04  4.548652e-04  4.322836e-04  4.103406e-04 
 3.890423e-04  3.683934e-04  3.483977e-04  3.290573e-04 
 3.103732e-04  2.923453e-04  2.749723e-04  2.582515e-04 
 2.421794e-04  2.267513e-04  2.119617e-04  1.978039e-04 
 1.842704e-04  1.713528e-04  1.590418e-04  1.473274e-04 
 1.361988e-04  1.256445e-04  1.156523e-04  1.062095e-04 
 9.730249e-05  8.891751e-05  8.104008e-05  7.365530e-05 
 6.674786e-05  6.030206e-05  5.430188e-05  4.873101e-05 
 4.357288e-05  3.881070e-05  3.442754e-05  3.040632e-05 
 2.672991e-05  2.338111e-05  2.034272e-05  1.759761e-05 
 1.512871e-05  1.291910e-05  1.095199e-05  9.210852e-06 
 7.679373e-06  6.341551e-06  5.181717e-06  4.184582e-06 
 3.335277e-06  2.619396e-06  2.023039e-06  1.532851e-06 
 1.136065e-06  8.205473e-07  5.748345e-07  3.881782e-07 
 2.505867e-07  1.528665e-07  8.666426e-08  4.450910e-08 
 1.985427e-08  7.119200e-09  1.731408e-09  1.684788e-10 
 0.000000e+00 
embe Al 1001 0.0 1.0
 3.072322e-01  2.822485e-01  2.574320e-01  2.327826e-01 
 2.083003e-01  1.839850e-01  1.598367e-01  1.358553e-01 
 1.120407e-01  8.839282e-02  6.491154e-02  4.159673e-02 
 1.844825e-02 -4.534049e-03 -2.735034e-02 -5.000079e-02 
-7.248560e-02 -9.480497e-02 -1.169591e-01 -1.389482e-01 
-1.607726e-01 -1.824325e-01 -2.039281e-01 -2.252597e-01 
-2.464276e-01 -2.674322e-01 -2.882736e-01 -3.089523e-01 
-3.294686e-01 -3.498227e-01 -3.700151e-01 -3.900461e-01 
-4.099161e-01 -4.296255e-01 -4.491746e-01 -4.685640e-01 
-4.877939e-01 -5.068648e-01 -5.257771e-01 -5.445314e-01 
-5.631280e-01 -5.815674e-01 -5.998501e-01 -6.179765e-01 
-6.359472e-01 -6.537627e-01 -6.714235e-01 -6.889300e-01 
-7.062829e-01 -7.234826e-01 -7.405297e-01 -7.574248e-01 
-7.741684e-01 -7.907611e-01 -8.072035e-01 -8.234961e-01 
-8.396396e-01 -8.556346e-01 -8.714816e-01 -8.871814e-01 
-9.027344e-01 -9.181414e-01 -9.334031e-01 -9.485199e-01 
-9.634927e-01 -9.783221e-01 -9.930086e-01 -1.007553e+00 
-1.021956e+00 -1.036219e+00 -1.050341e+00 -1.064324e+00 
-1.078169e+00 -1.091875e+00 -1.105445e+00 -1.118878e+00 
-1.132175e+00 -1.145338e+00 -1.158366e+00 -1.171260e+00 
-1.184023e+00 -1.196653e+00 -1.209152e+00 -1.221520e+00 
-1.233759e+00 -1.245869e+00 -1.257851e+00 -1.269706e+00 
-1.281434e+00 -1.293037e+00 -1.304515e+00 -1.315869e+00 
-1.327099e+00 -1.338208e+00 -1.349194e+00 -1.360060e+00 
-1.370806e+00 -1.381433e+00 -1.391941e+00 -1.402332e+00 
-1.412607e+00 -1.422766e+00 -1.432810e+00 -1.442740e+00 
-1.452556e+00 -1.462261e+00 -1.471854e+00 -1.481336e+00 
-1.490709e+00 -1.499973e+00 -1.509129e+00 -1.518177e+00 
-1.527120e+00 -1.535957e+00 -1.544690e+00 -1.553319e+00 
-1.561845e+00 -1.570269e+00 -1.578593e+00 -1.586816e+00 
-1.594941e+00 -1.602967e+00 -1.610895e+00 -1.618727e+00 
-1.626464e+00 -1.634106e+00 -1.641653e+00 -1.649108e+00 
-1.656471e+00 -1.663743e+00 -1.670924e+00 -1.678016e+00 
-1.685020e+00 -1.691936e+00 -1.698765e+00 -1.705508e+00 
-1.712167e+00 -1.718741e+00 -1.725232e+00 -1.731641e+00 
-1.737969e+00 -1.744216e+00 -1.750383e+00 -1.756472e+00 
-1.762483e+00 -1.768417e+00 -1.774275e+00 -1.780058e+00 
-1.785766e+00 -1.791401e+00 -1.796963e+00 -1.802453e+00 
-1.807873e+00 -1.813223e+00 -1.818503e+00 -1.823716e+00 
-1.828860e+00 -1.833939e+00 -1.838951e+00 -1.843899e+00 
-1.848782e+00 -1.853603e+00 -1.858361e+00 -1.863057e+00 
-1.867693e+00 -1.872269e+00 -1.876786e+00 -1.881245e+00 
-1.885646e+00 -1.889991e+00 -1.894280e+00 -1.898514e+00 
-1.902693e+00 -1.906820e+00 -1.910893e+00 -1.914915e+00 
-1.918886e+00 -1.922806e+00 -1.926677e+00 -1.930499e+00 
-1.934273e+00 -1.938000e+00 -1.941681e+00 -1.945315e+00 
-1.948905e+00 -1.952450e+00 -1.955952e+00 -1.959411e+00 
-1.962827e+00 -1.966202e+00 -1.969537e+00 -1.972831e+00 
-1.976086e+00 -1.979302e+00 -1.982481e+00 -1.985621e+00 
-1.988726e+00 -1.991794e+00 -1.994826e+00 -1.997824e+00 
-2.000788e+00 -2.003718e+00 -2.006615e+00 -2.009480e+00 
-2.012313e+00 -2.015115e+00 -2.017886e+00 -2.020628e+00 
-2.023340e+00 -2.026023e+00 -2.028677e+00 -2.031304e+00 
-2.033904e+00 -2.036477e+00 -2.039024e+00 -2.041545e+00 
-2.044041e+00 -2.046513e+00 -2.048960e+00 -2.051383e+00 
-2.053784e+00 -2.056161e+00 -2.058517e+00 -2.060850e+00 
-2.063162e+00 -2.065454e+00 -2.067724e+00 -2.069975e+00 
-2.072206e+00 -2.074418e+00 -2.076611e+00 -2.078786e+00 
-2.080943e+00 -2.083082e+00 -2.085204e+00 -2.087309e+00 
-2.089398e+00 -2.091471e+00 -2.093528e+00 -2.095569e+00 
-2.097596e+00 -2.099608e+00 -2.101606e+00 -2.103589e+00 
-2.105559e+00 -2.107516e+00 -2.109460e+00 -2.111390e+00 
-2.113309e+00 -2.115215e+00 -2.117110e+00 -2.118993e+00 
-2.120865e+00 -2.122725e+00 -2.124575e+00 -2.126415e+00 
-2.128244e+00 -2.130064e+00 -2.131874e+00 -2.133674e+00 
-2.135465e+00 -2.137247e+00 -2.139020e+00 -2.140785e+00 
-2.142542e+00 -2.144290e+00 -2.146031e+00 -2.147764e+00 
-2.149489e+00 -2.151207e+00 -2.152918e+00 -2.154622e+00 
-2.156319e+00 -2.158010e+00 -2.159694e+00 -2.161372e+00 
-2.163044e+00 -2.164710e+00 -2.166370e+00 -2.168025e+00 
-2.169674e+00 -2.171318e+00 -2.172956e+00 -2.174590e+00 
-2.176218e+00 -2.177842e+00 -2.179461e+00 -2.181075e+00 
-2.182685e+00 -2.184291e+00 -2.185892e+00 -2.187489e+00 
-2.189082e+00 -2.190671e+00 -2.192256e+00 -2.193837e+00 
-2.195414e+00 -2.196988e+00 -2.198558e+00 -2.200125e+00 
-2.201688e+00 -2.203248e+00 -2.204804e+00 -2.206357e+00 
-2.207907e+00 -2.209454e+00 -2.210997e+00 -2.212538e+00 
-2.214075e+00 -2.215609e+00 -2.217141e+00 -2.218669e+00 
-2.220194e+00 -2.221717e+00 -2.223237e+00 -2.224753e+00 
-2.226267e+00 -2.227778e+00 -2.229287e+00 -2.230792e+00 
-2.232295e+00 -2.233794e+00 -2.235291e+00 -2.236785e+00 
-2.238277e+00 -2.239765e+00 -2.241251e+00 -2.242734e+00 
-2.244214e+00 -2.245691e+00 -2.247165e+00 -2.248637e+00 
-2.250105e+00 -2.251570e+00 -2.253033e+00 -2.254492e+00 
-2.255949e+00 -2.257402e+00 -2.258852e+00 -2.260299e+00 
-2.261743e+00 -2.263184e+00 -2.264621e+00 -2.266056e+00 
-2.267486e+00 -2.268914e+00 -2.270338e+00 -2.271758e+00 
-2.273175e+00 -2.274589e+00 -2.275999e+00 -2.277405e+00 
-2.278807e+00 -2.280206e+00 -2.281601e+00 -2.282991e+00 
-2.284378e+00 -2.285761e+00 -2.287140e+00 -2.288515e+00 
-2.289885e+00 -2.291252e+00 -2.292613e+00 -2.293971e+00 
-2.295324e+00 -2.296673e+00 -2.298017e+00 -2.299356e+00 
-2.300691e+00 -2.302021e+00 -2.303346e+00 -2.304666e+00 
-2.305981e+00 -2.307291e+00 -2.308596e+00 -2.309896e+00 
-2.311190e+00 -2.312479e+00 -2.313763e+00 -2.315041e+00 
-2.316314e+00 -2.317581e+00 -2.318843e+00 -2.320099e+00 
-2.321349e+00 -2.322593e+00 -2.323831e+00 -2.325063e+00 
-2.326289e+00 -2.327509e+00 -2.328723e+00 -2.329931e+00 
-2.331132e+00 -2.332326e+00 -2.333515e+00 -2.334696e+00 
-2.335872e+00 -2.337040e+00 -2.338202e+00 -2.339357e+00 
-2.340505e+00 -2.341646e+00 -2.342781e+00 -2.343908e+00 
-2.345028e+00 -2.346142e+00 -2.347248e+00 -2.348347e+00 
-2.349438e+00 -2.350522e+00 -2.351599e+00 -2.352669e+00 
-2.353731e+00 -2.354785e+00 -2.355832e+00 -2.356872e+00 
-2.357904e+00 -2.358928e+00 -2.359944e+00 -2.360953e+00 
-2.361954e+00 -2.362947e+00 -2.363932e+00 -2.364909e+00 
-2.365878e+00 -2.366839e+00 -2.367793e+00 -2.368738e+00 
-2.369675e+00 -2.370604e+00 -2.371525e+00 -2.372438e+00 
-2.373342e+00 -2.374238e+00 -2.375126e+00 -2.376006e+00 
-2.376878e+00 -2.377741e+00 -2.378595e+00 -2.379442e+00 
-2.380280e+00 -2.381109e+00 -2.381930e+00 -2.382743e+00 
-2.383547e+00 -2.384343e+00 -2.385130e+00 -2.385908e+00 
-2.386678e+00 -2.387440e+00 -2.388193e+00 -2.388937e+00 
-2.389673e+00 -2.390400e+00 -2.391118e+00 -2.391828e+00 
-2.392529e+00 -2.393221e+00 -2.393905e+00 -2.394580e+00 
-2.395246e+00 -2.395904e+00 -2.396552e+00 -2.397193e+00 
-2.397824e+00 -2.398447e+00 -2.399061e+00 -2.399666e+00 
-2.400263e+00 -2.400850e+00 -2.401429e+00 -2.402000e+00 
-2.402561e+00 -2.403114e+00 -2.403658e+00 -2.404194e+00 
-2.404720e+00 -2.405238e+00 -2.405747e+00 -2.406248e+00 
-2.406739e+00 -2.407222e+00 -2.407696e+00 -2.408162e+00 
-2.408619e+00 -2.409067e+00 -2.409506e+00 -2.409937e+00 
-2.410359e+00 -2.410773e+00 -2.411178e+00 -2.411574e+00 
-2.411961e+00 -2.412340e+00 -2.412711e+00 -2.413072e+00 
-2.413426e+00 -2.413770e+00 -2.414106e+00 -2.414434e+00 
-2.414753e+00 -2.415063e+00 -2.415365e+00 -2.415659e+00 
-2.415944e+00 -2.416220e+00 -2.416488e+00 -2.416748e+00 
-2.416999e+00 -2.417242e+00 -2.417477e+00 -2.417703e+00 
-2.417921e+00 -2.418131e+00 -2.418332e+00 -2.418525e+00 
-2.418710e+00 -2.418887e+00 -2.419055e+00 -2.419216e+00 
-2.419368e+00 -2.419512e+00 -2.419648e+00 -2.419776e+00 
-2.419895e+00 -2.420007e+00 -2.420111e+00 -2.420206e+00 
-2.420294e+00 -2.420374e+00 -2.420446e+00 -2.420510e+00 
-2.420566e+00 -2.420614e+00 -2.420655e+00 -2.420688e+00 
-2.420712e+00 -2.420730e+00 -2.420739e+00 -2.420741e+00 
-2.420735e+00 -2.420722e+00 -2.420701e+00 -2.420672e+00 
-2.420636e+00 -2.420592e+00 -2.420541e+00 -2.420483e+00 
-2.420417e+00 -2.420343e+00 -2.420263e+00 -2.420175e+00 
-2.420079e+00 -2.419977e+00 -2.419867e+00 -2.419749e+00 
-2.419625e+00 -2.419494e+00 -2.419355e+00 -2.419209e+00 
-2.419057e+00 -2.418897e+00 -2.418730e+00 -2.418557e+00 
-2.418376e+00 -2.418188e+00 -2.417994e+00 -2.417792e+00 
-2.417584e+00 -2.417369e+00 -2.417148e+00 -2.416919e+00 
-2.416684e+00 -2.416443e+00 -2.416194e+00 -2.415939e+00 
-2.415678e+00 -2.415410e+00 -2.415135e+00 -2.414854e+00 
-2.414567e+00 -2.414273e+00 -2.413973e+00 -2.413666e+00 
-2.413353e+00 -2.413034e+00 -2.412709e+00 -2.412377e+00 
-2.412039e+00 -2.411695e+00 -2.411345e+00 -2.410989e+00 
-2.410627e+00 -2.410259e+00 -2.409884e+00 -2.409504e+00 
-2.409118e+00 -2.408726e+00 -2.408328e+00 -2.407924e+00 
-2.407514e+00 -2.407099e+00 -2.406678e+00 -2.406251e+00 
-2.405818e+00 -2.405380e+00 -2.404936e+00 -2.404486e+00 
-2.404031e+00 -2.403570e+00 -2.403104e+00 -2.402632e+00 
-2.402155e+00 -2.401672e+00 -2.401184e+00 -2.400691e+00 
-2.400192e+00 -2.399687e+00 -2.399178e+00 -2.398663e+00 
-2.398143e+00 -2.397618e+00 -2.397087e+00 -2.396552e+00 
-2.396011e+00 -2.395465e+00 -2.394914e+00 -2.394358e+00 
-2.393797e+00 -2.393230e+00 -2.392659e+00 -2.392083e+00 
-2.391502e+00 -2.390916e+00 -2.390325e+00 -2.389729e+00 
-2.389128e+00 -2.388522e+00 -2.387912e+00 -2.387297e+00 
-2.386677e+00 -2.386052e+00 -2.385422e+00 -2.384788e+00 
-2.384149e+00 -2.383506e+00 -2.382857e+00 -2.382204e+00 
-2.381547e+00 -2.380885e+00 -2.380218e+00 -2.379547e+00 
-2.378871e+00 -2.378190e+00 -2.377505e+00 -2.376816e+00 
-2.376122e+00 -2.375424e+00 -2.374721e+00 -2.374014e+00 
-2.373302e+00 -2.372586e+00 -2.371865e+00 -2.371140e+00 
-2.370411e+00 -2.369677e+00 -2.368939e+00 -2.368197e+00 
-2.367450e+00 -2.366699e+00 -2.365944e+00 -2.365185e+00 
-2.364421e+00 -2.363653e+00 -2.362880e+00 -2.362104e+00 
-2.361323e+00 -2.360537e+00 -2.359748e+00 -2.358954e+00 
-2.358156e+00 -2.357354e+00 -2.356548e+00 -2.355737e+00 
-2.354923e+00 -2.354104e+00 -2.353281e+00 -2.352453e+00 
-2.351622e+00 -2.350786e+00 -2.349946e+00 -2.349102e+00 
-2.348253e+00 -2.347401e+00 -2.346544e+00 -2.345683e+00 
-2.344818e+00 -2.343949e+00 -2.343075e+00 -2.342197e+00 
-2.341315e+00 -2.340429e+00 -2.339539e+00 -2.338644e+00 
-2.337745e+00 -2.336842e+00 -2.335934e+00 -2.335023e+00 
-2.334107e+00 -2.333186e+00 -2.332262e+00 -2.331333e+00 
-2.330400e+00 -2.329462e+00 -2.328521e+00 -2.327574e+00 
-2.326624e+00 -2.325669e+00 -2.324710e+00 -2.323746e+00 
-2.322778e+00 -2.321805e+00 -2.320828e+00 -2.319846e+00 
-2.318860e+00 -2.317870e+00 -2.316875e+00 -2.315875e+00 
-2.314871e+00 -2.313862e+00 -2.312848e+00 -2.311830e+00 
-2.310807e+00 -2.309780e+00 -2.308747e+00 -2.307710e+00 
-2.306669e+00 -2.305622e+00 -2.304571e+00 -2.303514e+00 
-2.302453e+00 -2.301387e+00 -2.300316e+00 -2.299240e+00 
-2.298159e+00 -2.297073e+00 -2.295981e+00 -2.294885e+00 
-2.293783e+00 -2.292677e+00 -2.291565e+00 -2.290448e+00 
-2.289325e+00 -2.288197e+00 -2.287064e+00 -2.285925e+00 
-2.284781e+00 -2.283631e+00 -2.282476e+00 -2.281315e+00 
-2.280149e+00 -2.278977e+00 -2.277799e+00 -2.276615e+00 
-2.275425e+00 -2.274230e+00 -2.273029e+00 -2.271821e+00 
-2.270608e+00 -2.269388e+00 -2.268163e+00 -2.266931e+00 
-2.265693e+00 -2.264448e+00 -2.263198e+00 -2.261940e+00 
-2.260677e+00 -2.259407e+00 -2.258130e+00 -2.256846e+00 
-2.255556e+00 -2.254259e+00 -2.252955e+00 -2.251645e+00 
-2.250327e+00 -2.249002e+00 -2.247670e+00 -2.246331e+00 
-2.244985e+00 -2.243631e+00 -2.242270e+00 -2.240902e+00 
-2.239526e+00 -2.238142e+00 -2.236751e+00 -2.235352e+00 
-2.233945e+00 -2.232530e+00 -2.231107e+00 -2.229676e+00 
-2.228237e+00 -2.226790e+00 -2.225334e+00 -2.223870e+00 
-2.222397e+00 -2.220916e+00 -2.219427e+00 -2.217928e+00 
-2.216421e+00 -2.214905e+00 -2.213379e+00 -2.211845e+00 
-2.210301e+00 -2.208749e+00 -2.207186e+00 -2.205615e+00 
-2.204033e+00 -2.202443e+00 -2.200842e+00 -2.199231e+00 
-2.197611e+00 -2.195980e+00 -2.194340e+00 -2.192689e+00 
-2.191027e+00 -2.189356e+00 -2.187673e+00 -2.185981e+00 
-2.184277e+00 -2.182562e+00 -2.180837e+00 -2.179100e+00 
-2.177352e+00 -2.175593e+00 -2.173823e+00 -2.172041e+00 
-2.170248e+00 -2.168442e+00 -2.166625e+00 -2.164796e+00 
-2.162955e+00 -2.161102e+00 -2.159237e+00 -2.157359e+00 
-2.155469e+00 -2.153566e+00 -2.151650e+00 -2.149722e+00 
-2.147781e+00 -2.145827e+00 -2.143859e+00 -2.141878e+00 
-2.139884e+00 -2.137877e+00 -2.135856e+00 -2.133821e+00 
-2.131772e+00 -2.129709e+00 -2.127633e+00 -2.125542e+00 
-2.123437e+00 -2.121317e+00 -2.119183e+00 -2.117034e+00 
-2.114871e+00 -2.112692e+00 -2.110499e+00 -2.108290e+00 
-2.106067e+00 -2.103828e+00 -2.101573e+00 -2.099303e+00 
-2.097017e+00 -2.094716e+00 -2.092398e+00 -2.090065e+00 
-2.087715e+00 -2.085350e+00 -2.082967e+00 -2.080569e+00 
-2.078153e+00 -2.075721e+00 -2.073272e+00 -2.070806e+00 
-2.068323e+00 -2.065823e+00 -2.063306e+00 -2.060771e+00 
-2.058219e+00 -2.055649e+00 -2.053061e+00 -2.050455e+00 
-2.047831e+00 -2.045190e+00 -2.042530e+00 -2.039851e+00 
-2.037155e+00 -2.034439e+00 -2.031705e+00 -2.028953e+00 
-2.026181e+00 -2.023391e+00 -2.020581e+00 -2.017752e+00 
-2.014904e+00 -2.012036e+00 -2.009149e+00 -2.006242e+00 
-2.003315e+00 -2.000369e+00 -1.997403e+00 -1.994416e+00 
-1.991409e+00 -1.988382e+00 -1.985335e+00 -1.982267e+00 
-1.979179e+00 -1.976070e+00 -1.972940e+00 -1.969789e+00 
-1.966617e+00 -1.963424e+00 -1.960210e+00 -1.956975e+00 
-1.953718e+00 -1.950440e+00 -1.947140e+00 -1.943818e+00 
-1.940475e+00 -1.937110e+00 -1.933723e+00 -1.930314e+00 
-1.926882e+00 -1.923429e+00 -1.919953e+00 -1.916455e+00 
-1.912934e+00 -1.909391e+00 -1.905824e+00 -1.902236e+00 
-1.898624e+00 -1.894990e+00 -1.891332e+00 -1.887651e+00 
-1.883947e+00 -1.880220e+00 -1.876470e+00 -1.872696e+00 
-1.868899e+00 -1.865078e+00 -1.861234e+00 -1.857365e+00 
-1.853474e+00 -1.849558e+00 -1.845618e+00 -1.841654e+00 
-1.837667e+00 -1.833655e+00 -1.829619e+00 -1.825559e+00 
-1.821474e+00 -1.817365e+00 -1.813232e+00 -1.809074e+00 
-1.804891e+00 -1.800685e+00 -1.796453e+00 -1.792197e+00 
-1.787915e+00 -1.783609e+00 -1.779279e+00 -1.774923e+00 
-1.770542e+00 -1.766137e+00 -1.761706e+00 -1.757250e+00 
-1.752769e+00 -1.748263e+00 -1.743732e+00 -1.739175e+00 
-1.734594e+00 -1.729986e+00 -1.725354e+00 -1.720696e+00 
-1.716013e+00 -1.711304e+00 -1.706570e+00 -1.701810e+00 
-1.697025e+00 -1.692214e+00 -1.687378e+00 -1.682516e+00 
-1.677629e+00 -1.672716e+00 -1.667777e+00 -1.662813e+00 
-1.657823e+00 -1.652808e+00 -1.647767e+00 -1.642700e+00 
-1.637607e+00 
